0.000000000,1,1,0.5233,1,1,0.5233
0.000000000,1,1,0.5233,1,1,0.5233
4.707000000,1,1,0.5233,0,0,1e-09
4.707000000,1,1,0.5233,0,0,1e-09
4.767000000,1,1,0.5233,0.999744,1.00043,2.08104
4.847000000,1.01733,0.99241,0.510232,0.999744,1.00043,2.08104
4.907000000,1.02166,0.990966,0.51037,1.00004,1.00065,2.08029
4.967000000,1.02389,0.991439,0.510215,1.00108,1.00127,2.07968
5.047000000,1.02464,0.994718,0.50953,1.00286,1.00229,2.07918
5.107000000,1.0249,0.99685,0.509164,1.00511,1.00357,2.0788
5.167000000,1.0248,0.998035,0.5088,1.00738,1.00485,2.07852
5.247000000,1.02505,0.998558,0.508291,1.00919,1.00587,2.07836
5.307000000,1.0246,0.998601,0.507901,1.01039,1.00655,2.07828
5.367000000,1.0246,0.998601,0.507901,1.01093,1.00685,2.07819
5.447000000,1.0246,0.998601,0.507901,1.011,1.0069,2.07811
5.507000000,1.02462,0.998713,0.507171,1.01083,1.00681,2.07799
5.567000000,1.02486,0.99893,0.506906,1.01079,1.0068,2.07779
5.647000000,1.02595,0.999599,0.506585,1.01099,1.00692,2.07761
5.707000000,1.02727,1.00031,0.506476,1.01208,1.00754,2.0773
5.767000000,1.02848,1.00123,0.505816,1.01421,1.00875,2.07701
5.847000000,1.03022,1.00246,0.505126,1.01637,1.00995,2.07685
5.907000000,1.03096,1.00309,0.504616,1.01858,1.01118,2.07681
5.967000000,1.03147,1.00355,0.504213,1.02051,1.01225,2.07686
6.047000000,1.03179,1.00386,0.503984,1.02182,1.01297,2.07699
6.107000000,1.03156,1.00461,0.503778,1.0226,1.01339,2.07715
6.167000000,1.03156,1.00461,0.503778,1.02291,1.01355,2.07728
6.247000000,1.03141,1.00529,0.50364,1.02293,1.01355,2.07742
6.307000000,1.03158,1.00608,0.50338,1.02295,1.01356,2.07749
6.367000000,1.03218,1.00702,0.503177,1.02328,1.01374,2.07748
6.447000000,1.03341,1.00824,0.503019,1.02406,1.01417,2.07749
6.507000000,1.03449,1.00934,0.502848,1.02526,1.01484,2.07753
6.567000000,1.03554,1.01037,0.502712,1.02678,1.01568,2.0776
6.647000000,1.03685,1.01153,0.502615,1.02832,1.01653,2.07769
6.707000000,1.0375,1.01228,0.502507,1.0298,1.01734,2.07783
6.767000000,1.03793,1.01288,0.50243,1.03101,1.01801,2.07798
6.847000000,1.03843,1.01347,0.502355,1.03186,1.01847,2.07812
6.907000000,1.0388,1.01396,0.502309,1.03248,1.0188,2.07821
6.967000000,1.03926,1.01447,0.502245,1.03305,1.01912,2.07825
7.047000000,1.04013,1.01518,0.502125,1.03367,1.01946,2.07826
7.107000000,1.041,1.01589,0.501992,1.03445,1.0199,2.07821
7.167000000,1.04207,1.01668,0.501823,1.03549,1.02048,2.07811
7.247000000,1.04367,1.01775,0.501571,1.03678,1.02121,2.07798
7.307000000,1.04485,1.01858,0.50135,1.0383,1.02206,2.07786
7.367000000,1.04592,1.01935,0.501123,1.0399,1.02296,2.07773
7.447000000,1.04717,1.0202,0.500849,1.0414,1.0238,2.07763
7.507000000,1.04781,1.02071,0.500605,1.04277,1.02457,2.07753
7.567000000,1.04827,1.0211,0.500359,1.04386,1.02518,2.07742
7.647000000,1.04882,1.02153,0.500029,1.04472,1.02567,2.07729
7.707000000,1.04919,1.02186,0.499739,1.04534,1.02602,2.07712
7.767000000,1.04964,1.02222,0.499404,1.04595,1.02637,2.07691
7.847000000,1.05045,1.02278,0.498925,1.04661,1.02675,2.07665
7.907000000,1.05117,1.02329,0.498489,1.04741,1.02721,2.07634
7.967000000,1.05196,1.02384,0.498056,1.04841,1.02779,2.076
8.047000000,1.05306,1.02457,0.497497,1.04953,1.02843,2.07566
8.107000000,1.05374,1.02506,0.497058,1.05067,1.02909,2.07533
8.167000000,1.05429,1.02549,0.496649,1.05178,1.02971,2.07502
8.247000000,1.05495,1.02597,0.496183,1.05273,1.03026,2.07475
8.307000000,1.05529,1.02627,0.495813,1.05355,1.03073,2.0745
8.367000000,1.05564,1.02658,0.49545,1.05425,1.03113,2.07426
8.447000000,1.05628,1.02704,0.495015,1.0549,1.0315,2.07402
8.507000000,1.05687,1.02747,0.494645,1.05563,1.03192,2.07378
8.567000000,1.0576,1.02798,0.494292,1.05652,1.03242,2.07354
8.647000000,1.05883,1.02876,0.493881,1.0576,1.03303,2.07331
8.707000000,1.05977,1.02939,0.493558,1.05882,1.03372,2.07311
8.767000000,1.06069,1.03,0.493261,1.06025,1.03452,2.07294
8.847000000,1.06191,1.03078,0.492969,1.06163,1.03528,2.07282
8.907000000,1.0626,1.03127,0.492736,1.06299,1.03603,2.07275
8.967000000,1.06316,1.03168,0.492535,1.0642,1.0367,2.07272
9.047000000,1.06386,1.03217,0.492358,1.06523,1.03726,2.07271
9.107000000,1.06428,1.03249,0.492195,1.06611,1.03774,2.07272
9.167000000,1.0647,1.03281,0.492042,1.0669,1.03817,2.07274
9.247000000,1.06545,1.03332,0.491895,1.06765,1.03859,2.07275
9.307000000,1.06607,1.03374,0.491762,1.06849,1.03905,2.07277
9.367000000,1.06678,1.03421,0.491641,1.06942,1.03956,2.0728
9.447000000,1.06786,1.03488,0.491562,1.07048,1.04014,2.07284
9.507000000,1.06859,1.03536,0.491492,1.07158,1.04073,2.07292
9.567000000,1.06924,1.03578,0.491455,1.07272,1.04136,2.07303
9.647000000,1.07002,1.03628,0.49149,1.07376,1.04191,2.07318
9.707000000,1.07043,1.03656,0.491483,1.07464,1.04239,2.07334
9.767000000,1.07079,1.03682,0.491458,1.07542,1.04281,2.07351
9.847000000,1.07138,1.03719,0.491429,1.07604,1.04314,2.07363
9.907000000,1.07191,1.03753,0.491355,1.07666,1.04347,2.07371
9.967000000,1.07261,1.03795,0.491253,1.07739,1.04387,2.07375
10.047000000,1.07383,1.03865,0.491107,1.07829,1.04437,2.07375
10.107000000,1.07487,1.03926,0.49096,1.07942,1.04499,2.07372
10.167000000,1.07597,1.0399,0.490803,1.08075,1.04572,2.07368
10.247000000,1.07746,1.04075,0.490618,1.08217,1.04651,2.07364
10.307000000,1.07842,1.04132,0.490448,1.08363,1.04732,2.07361
10.367000000,1.07924,1.04181,0.490277,1.08498,1.04806,2.07357
10.447000000,1.08022,1.04238,0.490066,1.08619,1.04873,2.07353
10.507000000,1.08079,1.04273,0.489858,1.08723,1.0493,2.07348
10.567000000,1.08134,1.04307,0.489625,1.08812,1.0498,2.07339
10.647000000,1.08218,1.04357,0.489295,1.08893,1.05025,2.07326
10.707000000,1.08287,1.04399,0.488992,1.08976,1.05072,2.07308
10.767000000,1.08367,1.04446,0.488659,1.09069,1.05124,2.07287
10.847000000,1.08489,1.04517,0.488213,1.09173,1.05183,2.07263
10.907000000,1.08581,1.04571,0.487829,1.0929,1.05249,2.07237
10.967000000,1.08668,1.04623,0.48745,1.09414,1.05319,2.07211
11.047000000,1.08774,1.04686,0.486977,1.09537,1.05387,2.07184
11.107000000,1.08832,1.04722,0.486577,1.09647,1.05449,2.07158
11.167000000,1.08874,1.0475,0.48618,1.09742,1.05504,2.07131
11.247000000,1.08925,1.04784,0.485741,1.09815,1.05545,2.07104
11.307000000,1.08958,1.04807,0.485388,1.09875,1.0558,2.07079
11.367000000,1.08996,1.04834,0.484997,1.09933,1.05613,2.07054
11.447000000,1.09065,1.04876,0.484506,1.09994,1.05648,2.07028
11.507000000,1.09129,1.04917,0.484108,1.10067,1.05689,2.06998
11.567000000,1.09209,1.04966,0.483714,1.10153,1.05738,2.06969
11.647000000,1.09337,1.0504,0.483257,1.10259,1.05798,2.06942
11.707000000,1.09434,1.05099,0.482907,1.10385,1.05868,2.06917
11.767000000,1.0953,1.05156,0.482584,1.10521,1.05943,2.06897
11.847000000,1.09653,1.05229,0.482255,1.10656,1.06018,2.0688
11.907000000,1.09725,1.05274,0.481995,1.10787,1.0609,2.06868
11.967000000,1.09786,1.05313,0.481761,1.10904,1.06154,2.0686
12.047000000,1.09863,1.05361,0.481526,1.11005,1.06209,2.06854
12.107000000,1.09913,1.05394,0.481316,1.11096,1.06259,2.0685
12.167000000,1.09967,1.0543,0.481109,1.11179,1.06304,2.06846
12.247000000,1.10056,1.05484,0.480905,1.11262,1.06349,2.06843
12.307000000,1.10129,1.05529,0.480722,1.11358,1.06402,2.0684
12.367000000,1.1021,1.05578,0.480558,1.11459,1.06457,2.06838
12.447000000,1.10328,1.05647,0.48043,1.11574,1.06519,2.06839
12.507000000,1.10408,1.05695,0.480323,1.11694,1.06584,2.06843
12.567000000,1.10479,1.05739,0.480248,1.11813,1.06649,2.06851
12.647000000,1.10563,1.05789,0.480246,1.11923,1.06707,2.06862
12.707000000,1.10605,1.05817,0.480225,1.12019,1.06759,2.06877
12.767000000,1.10637,1.05839,0.48018,1.12098,1.06801,2.06894
12.847000000,1.10687,1.05871,0.48017,1.12159,1.06833,2.06909
12.907000000,1.10725,1.05896,0.480124,1.12217,1.06864,2.0692
12.967000000,1.10775,1.05927,0.480046,1.12279,1.06897,2.06931
13.047000000,1.10869,1.05981,0.479934,1.12348,1.06934,2.06937
13.107000000,1.10957,1.06031,0.479803,1.12438,1.06982,2.06939
13.167000000,1.11058,1.06088,0.479657,1.12549,1.07043,2.06938
13.247000000,1.11207,1.0617,0.47949,1.12677,1.07113,2.06937
13.307000000,1.11312,1.06229,0.479333,1.12819,1.0719,2.06935
13.367000000,1.11408,1.06283,0.479176,1.12963,1.07269,2.06934
13.447000000,1.11525,1.06349,0.478998,1.13096,1.07341,2.06933
13.507000000,1.11593,1.06388,0.478816,1.13216,1.07407,2.06931
13.567000000,1.11653,1.06424,0.478616,1.13321,1.07464,2.06928
13.647000000,1.11735,1.06471,0.478343,1.13411,1.07513,2.06921
13.707000000,1.11797,1.06507,0.478077,1.13495,1.0756,2.0691
13.767000000,1.11869,1.06549,0.477779,1.13582,1.07608,2.06895
13.847000000,1.11983,1.06613,0.477377,1.13681,1.07663,2.06876
13.907000000,1.12075,1.06665,0.477029,1.13785,1.07721,2.06856
13.967000000,1.1217,1.06719,0.476669,1.13905,1.07788,2.06832
14.047000000,1.12298,1.06789,0.476219,1.1403,1.07857,2.06808
14.107000000,1.12377,1.06836,0.475839,1.14157,1.07927,2.06784
14.167000000,1.12442,1.06874,0.475463,1.14273,1.07992,2.06759
14.247000000,1.12515,1.06917,0.474988,1.14372,1.08047,2.06735
14.307000000,1.12551,1.06941,0.474619,1.14455,1.08094,2.06708
14.367000000,1.12585,1.06963,0.474243,1.14519,1.0813,2.06682
14.447000000,1.12641,1.06998,0.47378,1.14576,1.08163,2.06656
14.507000000,1.12686,1.07026,0.473369,1.14637,1.08197,2.0663
14.567000000,1.12741,1.0706,0.472953,1.14703,1.08235,2.06601
14.647000000,1.1284,1.07116,0.472449,1.14781,1.08279,2.06571
14.707000000,1.12925,1.07166,0.472055,1.14875,1.08332,2.06542
14.767000000,1.1302,1.0722,0.471678,1.14987,1.08394,2.06514
14.847000000,1.13155,1.07296,0.471265,1.15114,1.08464,2.0649
14.907000000,1.13248,1.07349,0.470948,1.15246,1.08537,2.0647
14.967000000,1.13331,1.07398,0.470662,1.15379,1.08609,2.06454
15.047000000,1.13435,1.07457,0.470373,1.15505,1.08678,2.06442
15.107000000,1.13495,1.07494,0.470133,1.15613,1.08737,2.06434
15.167000000,1.13551,1.07529,0.469908,1.15712,1.0879,2.06427
15.247000000,1.13631,1.07576,0.469675,1.15801,1.08838,2.06421
15.307000000,1.13692,1.07614,0.469471,1.15888,1.08885,2.06417
15.367000000,1.13761,1.07655,0.469273,1.15979,1.08934,2.06413
15.447000000,1.13871,1.07717,0.469085,1.16076,1.08987,2.06409
15.507000000,1.13956,1.07766,0.468925,1.16186,1.09046,2.06408
15.567000000,1.1404,1.07815,0.468791,1.16304,1.09109,2.06409
15.647000000,1.14152,1.07878,0.468709,1.16422,1.09173,2.06413
15.707000000,1.1422,1.07918,0.468635,1.16539,1.09235,2.06422
15.767000000,1.14275,1.07952,0.468588,1.16646,1.09292,2.06433
15.847000000,1.1434,1.0799,0.468608,1.16736,1.09339,2.06447
15.907000000,1.14373,1.08012,0.468555,1.16812,1.09379,2.06464
15.967000000,1.14407,1.08035,0.468501,1.16875,1.09412,2.06479
16.047000000,1.14466,1.08069,0.468472,1.16933,1.09443,2.06489
16.107000000,1.1452,1.08102,0.468386,1.16995,1.09476,2.06499
16.167000000,1.14591,1.08142,0.46827,1.17069,1.09515,2.06505
16.247000000,1.14712,1.08208,0.468125,1.17161,1.09564,2.06507
16.307000000,1.14815,1.08265,0.467974,1.17274,1.09625,2.06507
16.367000000,1.14923,1.08324,0.467816,1.17404,1.09696,2.06506
16.447000000,1.15068,1.08402,0.467647,1.17543,1.0977,2.06506
16.507000000,1.15162,1.08454,0.467482,1.17687,1.09848,2.06505
16.567000000,1.15243,1.08499,0.467314,1.17817,1.09918,2.06504
16.647000000,1.15342,1.08553,0.467108,1.17936,1.09982,2.06503
16.707000000,1.15402,1.08588,0.466895,1.18039,1.10038,2.06499
16.767000000,1.15461,1.08622,0.466656,1.18129,1.10087,2.06492
16.847000000,1.15552,1.08673,0.466328,1.18214,1.10133,2.06482
16.907000000,1.15627,1.08715,0.466023,1.18303,1.10182,2.06467
16.967000000,1.15713,1.08762,0.465693,1.18401,1.10236,2.06449
17.047000000,1.15841,1.08831,0.465263,1.18511,1.10297,2.06428
17.107000000,1.15937,1.08884,0.4649,1.18633,1.10364,2.06405
17.167000000,1.16028,1.08934,0.464532,1.1876,1.10434,2.06381
17.247000000,1.16142,1.08996,0.464078,1.18884,1.10502,2.06357
17.307000000,1.16206,1.09032,0.463694,1.18999,1.10565,2.06334
17.367000000,1.16255,1.09062,0.463302,1.191,1.10621,2.06309
17.447000000,1.16312,1.09095,0.462814,1.19179,1.10665,2.06284
17.507000000,1.16348,1.09118,0.462431,1.19244,1.10701,2.06256
17.567000000,1.16388,1.09143,0.462034,1.19304,1.10735,2.0623
17.647000000,1.16453,1.09181,0.461521,1.19364,1.10769,2.06203
17.707000000,1.16511,1.09215,0.461103,1.19431,1.10807,2.06174
17.767000000,1.16584,1.09256,0.460687,1.1951,1.10851,2.06143
17.847000000,1.16703,1.0932,0.4602,1.19604,1.10903,2.06114
17.907000000,1.16798,1.09373,0.459825,1.19716,1.10965,2.06087
17.967000000,1.16897,1.09428,0.459465,1.19843,1.11034,2.06062
18.047000000,1.17029,1.09499,0.459093,1.19973,1.11105,2.06042
18.107000000,1.17113,1.09546,0.458804,1.20105,1.11176,2.06026
18.167000000,1.17186,1.09588,0.458541,1.20231,1.11244,2.06013
18.247000000,1.17279,1.09639,0.458275,1.20339,1.11302,2.06004
18.307000000,1.17337,1.09674,0.458045,1.20438,1.11355,2.05997
18.367000000,1.17395,1.09708,0.457827,1.2053,1.11404,2.05992
18.447000000,1.17486,1.09758,0.457603,1.20617,1.11451,2.05986
18.507000000,1.17558,1.09799,0.457408,1.20709,1.115,2.05982
18.567000000,1.17638,1.09844,0.457225,1.20809,1.11554,2.05979
18.647000000,1.17757,1.09909,0.457065,1.20917,1.11611,2.05977
18.707000000,1.17842,1.09956,0.456932,1.21035,1.11674,2.05978
18.767000000,1.17925,1.10001,0.45669,1.21155,1.11738,2.05983
18.847000000,1.18028,1.10056,0.456512,1.2127,1.11799,2.0599
18.907000000,1.18087,1.10089,0.456327,1.21376,1.11854,2.06001
18.967000000,1.18134,1.10115,0.456166,1.2147,1.11903,2.06016
19.047000000,1.18189,1.10147,0.45607,1.21546,1.11943,2.06031
19.107000000,1.18226,1.10168,0.455878,1.2161,1.11976,2.06048
19.167000000,1.18269,1.10193,0.455695,1.2167,1.12007,2.06058
19.247000000,1.18345,1.10234,0.455495,1.2173,1.12039,2.06068
19.307000000,1.1842,1.10274,0.455257,1.21803,1.12077,2.06074
19.367000000,1.18511,1.10322,0.454998,1.21897,1.12127,2.06076
19.447000000,1.18653,1.10394,0.454718,1.22006,1.12185,2.06077
19.507000000,1.18763,1.10451,0.454444,1.22136,1.12255,2.06076
19.567000000,1.18872,1.10508,0.454168,1.22276,1.12329,2.06075
19.647000000,1.19008,1.10578,0.453882,1.22418,1.12405,2.06074
19.707000000,1.19093,1.10622,0.453597,1.22552,1.12476,2.06074
19.767000000,1.19165,1.1066,0.453303,1.2267,1.12539,2.06073
19.847000000,1.19256,1.10708,0.452957,1.22774,1.12595,2.0607
19.907000000,1.19318,1.10741,0.452609,1.22865,1.12644,2.06063
19.967000000,1.19384,1.10777,0.452232,1.22951,1.12691,2.06053
20.047000000,1.1949,1.10831,0.451759,1.23039,1.12738,2.06039
20.107000000,1.19578,1.10877,0.451326,1.23137,1.12792,2.06021
20.167000000,1.19674,1.10927,0.450876,1.23247,1.12852,2.06
20.247000000,1.1981,1.10996,0.450333,1.23367,1.12917,2.05977
20.307000000,1.19904,1.11045,0.449865,1.23495,1.12986,2.05954
20.367000000,1.19989,1.1109,0.449396,1.23621,1.13055,2.0593
20.447000000,1.20088,1.11141,0.44884,1.23736,1.13118,2.05906
20.507000000,1.2014,1.1117,0.448351,1.23838,1.13173,2.05882
20.567000000,1.20181,1.11193,0.447864,1.23921,1.13219,2.05856
20.647000000,1.20239,1.11225,0.44731,1.23988,1.13256,2.05829
20.707000000,1.2028,1.11248,0.44681,1.24047,1.13289,2.05804
20.767000000,1.20328,1.11275,0.446302,1.24109,1.13324,2.05777
20.847000000,1.2041,1.11319,0.445699,1.24174,1.1336,2.05747
20.907000000,1.20486,1.11358,0.445201,1.24252,1.13404,2.05717
20.967000000,1.20574,1.11405,0.444707,1.24346,1.13455,2.05687
21.047000000,1.20708,1.11473,0.444166,1.24456,1.13515,2.05659
21.107000000,1.20809,1.11525,0.443734,1.24584,1.13584,2.05634
21.167000000,1.20907,1.11576,0.443333,1.24716,1.13655,2.05614
21.247000000,1.21032,1.1164,0.442923,1.24847,1.13725,2.05597
21.307000000,1.2111,1.11681,0.442583,1.24969,1.13791,2.05585
21.367000000,1.21177,1.11718,0.442265,1.25083,1.13851,2.05575
21.447000000,1.21266,1.11764,0.441942,1.25182,1.13904,2.05568
21.507000000,1.21327,1.11797,0.441653,1.25274,1.13953,2.05562
21.567000000,1.21392,1.11833,0.441372,1.25363,1.14,2.05557
21.647000000,1.21495,1.11886,0.441088,1.25453,1.14047,2.05552
21.707000000,1.21578,1.11929,0.440837,1.25552,1.141,2.05549
21.767000000,1.21666,1.11975,0.440605,1.25661,1.14158,2.05547
21.847000000,1.2179,1.12038,0.440409,1.25777,1.14218,2.05548
21.907000000,1.21874,1.12082,0.440235,1.25898,1.14282,2.05552
21.967000000,1.21949,1.12121,0.44009,1.26016,1.14343,2.05559
22.047000000,1.22039,1.12167,0.440012,1.26123,1.14399,2.0557
22.107000000,1.22087,1.12194,0.439916,1.26217,1.14448,2.05584
22.167000000,1.22125,1.12216,0.439835,1.26297,1.14489,2.05599
22.247000000,1.2218,1.12246,0.439732,1.26364,1.14524,2.05616
22.307000000,1.22223,1.1227,0.439615,1.26421,1.14553,2.05626
22.367000000,1.22276,1.12299,0.439469,1.26483,1.14585,2.05637
22.447000000,1.22374,1.12349,0.439293,1.26555,1.14622,2.05644
22.507000000,1.22465,1.12395,0.439096,1.26642,1.14668,2.05647
22.567000000,1.22568,1.12447,0.438886,1.26752,1.14726,2.05647
22.647000000,1.22719,1.12521,0.438657,1.2688,1.14794,2.05646
22.707000000,1.22828,1.12576,0.438437,1.27018,1.14867,2.05645
22.767000000,1.22928,1.12626,0.438218,1.27162,1.14943,2.05645
22.847000000,1.23051,1.12688,0.437979,1.27295,1.15013,2.05644
22.907000000,1.23125,1.12726,0.437735,1.27418,1.15078,2.05643
22.967000000,1.23191,1.1276,0.437474,1.27525,1.15134,2.0564
23.047000000,1.23279,1.12804,0.437145,1.27617,1.15184,2.05635
23.107000000,1.23346,1.12839,0.43682,1.27704,1.1523,2.05625
23.167000000,1.23421,1.12878,0.436465,1.27794,1.15278,2.05611
23.247000000,1.23539,1.12936,0.436011,1.27889,1.15329,2.05594
23.307000000,1.23635,1.12985,0.435604,1.27997,1.15388,2.05573
23.367000000,1.23734,1.13034,0.435191,1.28117,1.15453,2.0555
23.447000000,1.23868,1.131,0.434689,1.28242,1.1552,2.05527
23.507000000,1.23954,1.13144,0.434258,1.28369,1.15588,2.05503
23.567000000,1.24027,1.13181,0.433824,1.28488,1.15652,2.05479
23.647000000,1.2411,1.13223,0.433298,1.28591,1.15708,2.05456
23.707000000,1.24152,1.13247,0.432837,1.28679,1.15756,2.0543
