0.000000000,0,0,1e-10,0,0,1e-10
0.000000000,0,0,1e-10,0,0,1e-09
2.610000000,0,0,1e-10,0,0,1e-09
2.610000000,0,0,1e-10,0,0,1e-09
2.810000000,0,0,1e-10,-0.000130313,0.000215899,1.56616
3.010000000,0,0,1e-10,-0.000130367,0.000216608,1.56616
3.230000000,0.0124325,-4.18744e-05,-0.00669905,0.00897332,0.000184992,1.56596
3.430000000,-0.00971046,-0.0051474,-0.0316931,0.0249108,9.82813e-05,1.56565
3.630000000,-0.00971046,-0.0051474,-0.0316931,0.0382545,2.47511e-05,1.56566
3.810000000,-0.00971046,-0.0051474,-0.0316931,0.0418363,5.00824e-05,1.56488
4.010000000,-0.00971046,-0.0051474,-0.0316931,0.0377997,0.000121203,1.56412
4.210000000,0.00417062,-0.00659086,-0.0322261,0.0344338,0.000177582,1.56356
4.410000000,0.0629596,-0.00661623,-0.00746409,0.0377633,0.000153549,1.56357
4.610000000,0.0735073,-0.00669799,-0.013486,0.0481712,5.42548e-05,1.56381
4.810000000,0.0831257,-0.00679763,-0.013181,0.0606318,-4.49687e-05,1.56394
5.010000000,0.0941303,-0.00690007,-0.0130466,0.0691442,-9.91305e-05,1.56386
5.210000000,0.0941303,-0.00690007,-0.0130466,0.0722951,-8.80508e-05,1.56327
5.410000000,0.0998497,-0.00686024,-0.0108829,0.0719293,-5.85821e-05,1.56284
5.610000000,0.104175,-0.0068479,-0.0130743,0.0718881,-4.15571e-05,1.56256
5.810000000,0.106739,-0.00686326,-0.0142587,0.0766765,-8.16005e-05,1.56257
6.010000000,0.112185,-0.0069356,-0.0143627,0.0857354,-0.000165341,1.56273
6.210000000,0.120016,-0.00702005,-0.014073,0.0951117,-0.000244623,1.56281
6.410000000,0.12719,-0.00705721,-0.0134831,0.101839,-0.000291402,1.56268
6.630000000,0.132396,-0.00704567,-0.0131303,0.104748,-0.000298822,1.5624
6.810000000,0.136604,-0.00708977,-0.014177,0.106629,-0.000298486,1.56212
7.010000000,0.139315,-0.00711668,-0.0146212,0.109538,-0.000314528,1.56198
7.210000000,0.143024,-0.00715831,-0.014903,0.114626,-0.000358382,1.56195
7.410000000,0.148689,-0.00723071,-0.0150381,0.121563,-0.000422548,1.56201
7.610000000,0.155213,-0.00728416,-0.014797,0.128533,-0.000482384,1.56197
7.810000000,0.161442,-0.00732187,-0.0146713,0.134128,-0.000522724,1.56182
8.030000000,0.166423,-0.00734487,-0.0148011,0.137989,-0.000545718,1.56161
8.210000000,0.170219,-0.00736579,-0.0151436,0.141267,-0.000563854,1.5614
8.410000000,0.173621,-0.00739255,-0.0154479,0.145411,-0.000594533,1.56127
8.610000000,0.178193,-0.00744244,-0.0156505,0.15091,-0.000644382,1.56122
8.830000000,0.183681,-0.00749228,-0.0156146,0.157088,-0.000702999,1.56121
9.010000000,0.189819,-0.0075426,-0.0155879,0.163071,-0.000755455,1.56112
9.230000000,0.19521,-0.00757554,-0.0155469,0.168102,-0.000794469,1.56096
9.410000000,0.200164,-0.00761061,-0.0157785,0.172174,-0.00082526,1.56079
9.610000000,0.20401,-0.00763861,-0.0160131,0.176375,-0.00085775,1.56064
9.830000000,0.208226,-0.00767886,-0.0162371,0.181141,-0.000900681,1.56053
10.010000000,0.213152,-0.0077303,-0.0163691,0.186558,-0.00095282,1.56047
10.210000000,0.218312,-0.00777439,-0.01633,0.192358,-0.0010074,1.56039
10.410000000,0.224087,-0.00782445,-0.0163691,0.197677,-0.00105693,1.56028
10.610000000,0.229303,-0.00786717,-0.0164867,0.20259,-0.00109948,1.56013
10.810000000,0.233949,-0.00790643,-0.0166671,0.207082,-0.00113955,1.55998
11.010000000,0.238231,-0.00794605,-0.0168684,0.211663,-0.00118156,1.55985
11.230000000,0.242701,-0.00799087,-0.0170209,0.216665,-0.00122951,1.55974
11.410000000,0.24782,-0.00804583,-0.0171328,0.222049,-0.00128431,1.55965
11.610000000,0.21378,-0.00701962,-0.0413546,0.227504,-0.00133884,1.55955
11.810000000,0.233957,-0.00540489,-0.021596,0.232601,-0.00139011,1.55943
12.010000000,0.242571,-0.00422379,-0.0217838,0.237468,-0.00143706,1.55929
12.210000000,0.24784,-0.00345721,-0.0216609,0.242096,-0.00148257,1.55916
12.410000000,0.252256,-0.00297088,-0.0215418,0.246941,-0.00153184,1.55904
12.610000000,0.256825,-0.00267436,-0.021458,0.251992,-0.00158576,1.55893
12.810000000,0.261707,-0.00250083,-0.0214067,0.257265,-0.00164255,1.55883
13.010000000,0.266811,-0.00240636,-0.0213874,0.262516,-0.00169918,1.55872
13.210000000,0.271868,-0.00236029,-0.0214235,0.267592,-0.00175284,1.5586
13.410000000,0.27671,-0.00234455,-0.0215136,0.272418,-0.0018049,1.55846
13.610000000,0.281333,-0.00234901,-0.0216355,0.277219,-0.00185676,1.55834
13.810000000,0.285969,-0.00237004,-0.0217574,0.282139,-0.00191129,1.55822
14.030000000,0.290786,-0.00240421,-0.0218612,0.287238,-0.00196919,1.55811
14.210000000,0.295939,-0.00245116,-0.0219699,0.292485,-0.00202953,1.558
14.410000000,0.300846,-0.00249231,-0.0220231,0.297649,-0.0020884,1.55788
14.610000000,0.305955,-0.00254292,-0.0221471,0.302595,-0.00214531,1.55776
14.810000000,0.310782,-0.00259173,-0.0222817,0.307507,-0.00220269,1.55764
15.010000000,0.315529,-0.00264148,-0.0224166,0.312351,-0.00225949,1.55751
15.210000000,0.320267,-0.00269365,-0.0225436,0.317316,-0.00231821,1.5574
15.410000000,0.32514,-0.0027492,-0.0226551,0.322462,-0.00238072,1.55729
15.630000000,0.330183,-0.0028072,-0.022757,0.327617,-0.00244453,1.55717
15.810000000,0.335358,-0.00286913,-0.0228817,0.332637,-0.00250626,1.55706
16.010000000,0.340045,-0.00291893,-0.0229722,0.337714,-0.00256889,1.55693
16.210000000,0.345012,-0.00297753,-0.0231092,0.342591,-0.00262954,1.55681
16.410000000,0.3498,-0.00303447,-0.0232422,0.347519,-0.00269103,1.55669
16.610000000,0.35462,-0.00309343,-0.0233637,0.352542,-0.00275528,1.55658
16.830000000,0.359544,-0.00315451,-0.0234754,0.3576,-0.00282136,1.55646
17.010000000,0.364629,-0.00322009,-0.0235997,0.362683,-0.00288764,1.55635
17.210000000,0.369377,-0.00327488,-0.0236866,0.367791,-0.00295393,1.55623
17.410000000,0.374406,-0.0033385,-0.023817,0.372717,-0.00301884,1.55611
17.610000000,0.379241,-0.0033997,-0.023946,0.377655,-0.00308507,1.55598
17.810000000,0.384054,-0.00346118,-0.0240695,0.382649,-0.00315228,1.55587
18.010000000,0.388926,-0.00352431,-0.0241871,0.387687,-0.00322089,1.55575
18.210000000,0.393858,-0.00358879,-0.0243002,0.392747,-0.00329042,1.55564
18.410000000,0.398815,-0.00365408,-0.0244138,0.397794,-0.00336023,1.55552
18.610000000,0.403749,-0.00371927,-0.024531,0.402856,-0.00343069,1.5554
18.810000000,0.408672,-0.0037847,-0.0246524,0.407792,-0.00349989,1.55528
19.010000000,0.413499,-0.00384943,-0.0247757,0.412778,-0.00357044,1.55516
19.210000000,0.418353,-0.00391545,-0.0248959,0.417787,-0.00364205,1.55504
19.410000000,0.423246,-0.00398275,-0.0250127,0.422798,-0.00371375,1.55493
19.610000000,0.428155,-0.00405105,-0.0251281,0.427868,-0.00378813,1.55481
19.810000000,0.433105,-0.00412013,-0.0252434,0.432899,-0.00386181,1.55469
20.010000000,0.438021,-0.0041891,-0.0253621,0.437907,-0.00393567,1.55457
20.210000000,0.442905,-0.00425809,-0.0254826,0.442902,-0.00400988,1.55445
20.410000000,0.447775,-0.00432761,-0.0256037,0.447927,-0.00408458,1.55433
20.610000000,0.452672,-0.00439846,-0.0257233,0.452945,-0.00416048,1.55422
20.810000000,0.45758,-0.00447005,-0.0258404,0.457978,-0.00423724,1.5541
21.010000000,0.462502,-0.00454232,-0.0259564,0.462986,-0.00431481,1.55398
21.210000000,0.467404,-0.00461464,-0.0260735,0.468008,-0.00439249,1.55386
21.410000000,0.472302,-0.00468737,-0.0261919,0.473016,-0.00447048,1.55374
21.610000000,0.477186,-0.00476054,-0.0263119,0.478018,-0.00454899,1.55363
21.810000000,0.482066,-0.00483432,-0.0264319,0.483027,-0.00462824,1.55351
22.010000000,0.486956,-0.00490881,-0.02655,0.488048,-0.00470832,1.55339
22.210000000,0.491862,-0.00498423,-0.0266674,0.493101,-0.00478892,1.55327
22.430000000,0.496795,-0.00506081,-0.0267851,0.498102,-0.00487047,1.55315
22.610000000,0.501796,-0.00514076,-0.0269095,0.503119,-0.00495221,1.55304
22.810000000,0.508932,-0.00522862,-0.0238203,0.508203,-0.005035,1.55292
23.030000000,0.514537,-0.00529532,-0.0239545,0.513161,-0.00511695,1.5528
23.210000000,0.51965,-0.00536264,-0.0240759,0.51815,-0.00520064,1.55268
23.410000000,0.524351,-0.0054235,-0.0241766,0.523247,-0.00528553,1.55256
23.630000000,0.529382,-0.00549706,-0.0242928,0.528246,-0.00537062,1.55244
23.810000000,0.534401,-0.00557465,-0.0244123,0.533242,-0.00545497,1.55233
24.010000000,0.539089,-0.00564432,-0.0245184,0.538306,-0.00554167,1.55221
24.210000000,0.544086,-0.00572438,-0.0246387,0.543242,-0.00562737,1.55209
24.430000000,0.548943,-0.00580302,-0.0247555,0.548279,-0.00571418,1.55197
24.610000000,0.553948,-0.00588732,-0.0248779,0.553271,-0.00580206,1.55185
24.810000000,0.558635,-0.00596235,-0.0249863,0.558368,-0.00589115,1.55173
25.010000000,0.563663,-0.00604778,-0.0251076,0.563314,-0.0059794,1.55162
25.210000000,0.568538,-0.00613082,-0.0252245,0.568331,-0.00606888,1.5515
25.430000000,0.573432,-0.00621489,-0.0253427,0.573421,-0.0061596,1.55138
25.610000000,0.578484,-0.00630435,-0.0254666,0.578358,-0.00624943,1.55126
25.810000000,0.583141,-0.00638266,-0.0255771,0.583448,-0.00634138,1.55114
26.030000000,0.588153,-0.00647154,-0.0256989,0.588391,-0.0064325,1.55103
26.210000000,0.593123,-0.00656155,-0.0258195,0.593485,-0.00652576,1.55091
26.410000000,0.597883,-0.00664387,-0.0259332,0.598504,-0.00661883,1.55079
26.610000000,0.602867,-0.00673414,-0.0260536,0.603445,-0.00671166,1.55067
26.810000000,0.591418,-0.00649004,-0.0467505,0.60846,-0.00680582,1.55055
27.010000000,0.592809,-0.00661122,-0.0468877,0.613525,-0.00690153,1.55043
27.210000000,0.597017,-0.00679728,-0.0470572,0.618491,-0.00699597,1.55032
27.410000000,0.601757,-0.0069723,-0.0472258,0.623559,-0.00709294,1.5502
27.610000000,0.606683,-0.00713151,-0.0473879,0.628552,-0.00718846,1.55008
27.810000000,0.611588,-0.00727278,-0.0475379,0.633595,-0.00728676,1.54996
28.010000000,0.616522,-0.00740247,-0.04768,0.638561,-0.00738353,1.54984
28.210000000,0.621399,-0.00752084,-0.0478151,0.643576,-0.00748186,1.54972
28.410000000,0.626298,-0.00763358,-0.0479468,0.648592,-0.0075808,1.54961
28.610000000,0.631202,-0.00774208,-0.0480758,0.653608,-0.00768035,1.54949
28.810000000,0.636106,-0.00784721,-0.0482019,0.658625,-0.00778051,1.54937
29.010000000,0.64101,-0.00794991,-0.0483259,0.663643,-0.00788126,1.54925
29.230000000,0.645912,-0.0080508,-0.0484484,0.66866,-0.00798259,1.54913
29.430000000,0.650913,-0.00815439,-0.0485715,0.673676,-0.0080845,1.54901
29.610000000,0.655733,-0.00824833,-0.0486896,0.678766,-0.00818792,1.54889
29.810000000,0.660556,-0.00834362,-0.0488102,0.683783,-0.00829102,1.54878
30.010000000,0.665552,-0.00844812,-0.0489325,0.688724,-0.0083938,1.54866
30.210000000,0.670416,-0.00854639,-0.049051,0.693791,-0.00849916,1.54854
30.410000000,0.675347,-0.00864695,-0.0491722,0.698758,-0.00860301,1.54842
30.610000000,0.680214,-0.00874491,-0.0492895,0.703799,-0.0087084,1.5483
30.810000000,0.685123,-0.00884467,-0.0494091,0.708815,-0.00881447,1.54818
31.010000000,0.690023,-0.00894472,-0.0495287,0.713856,-0.00892229,1.54806
31.210000000,0.69494,-0.00904568,-0.0496475,0.718847,-0.0090284,1.54795
31.410000000,0.699823,-0.00914608,-0.0497666,0.723839,-0.00913635,1.54783
31.630000000,0.704699,-0.00924678,-0.0498845,0.728881,-0.00924474,1.54771
31.810000000,0.70971,-0.009353,-0.0500043,0.733872,-0.00935387,1.54759
32.010000000,0.714404,-0.00944534,-0.0501196,0.738964,-0.00946453,1.54747
32.210000000,0.719425,-0.00955501,-0.0502422,0.743905,-0.00957373,1.54735
32.410000000,0.724291,-0.00965798,-0.0503588,0.748921,-0.00968456,1.54724
32.610000000,0.729183,-0.00976232,-0.0504784,0.753987,-0.0097971,1.54712
32.810000000,0.734117,-0.00986865,-0.0505987,0.759004,-0.00990913,1.547
33.010000000,0.739025,-0.00997417,-0.0507175,0.763995,-0.0100206,1.54688
33.210000000,0.743903,-0.0100793,-0.0508358,0.768986,-0.0101338,1.54676
33.410000000,0.748778,-0.0101848,-0.050953,0.774002,-0.0102476,1.54664
33.610000000,0.753671,-0.0102917,-0.0510725,0.779093,-0.0103631,1.54652
33.810000000,0.758624,-0.0104016,-0.0511933,0.784059,-0.010477,1.54641
34.010000000,0.763495,-0.0105088,-0.0513111,0.789101,-0.0105938,1.54629
34.210000000,0.768408,-0.0106182,-0.0514306,0.794067,-0.0107088,1.54617
34.410000000,0.773269,-0.010726,-0.0515474,0.799133,-0.0108267,1.54605
34.610000000,0.778197,-0.0108371,-0.0516673,0.809166,-0.0110621,1.54581
34.830000000,0.783062,-0.0109463,-0.0517846,0.809166,-0.0110621,1.54581
35.010000000,0.788089,-0.0110626,-0.0519047,0.814131,-0.0111795,1.54569
35.210000000,0.792769,-0.0111632,-0.0520217,0.819223,-0.0112998,1.54557
35.410000000,0.797786,-0.0112825,-0.0521443,0.824189,-0.0114183,1.54546
35.610000000,0.80267,-0.0113952,-0.0522614,0.82918,-0.0115387,1.54534
35.810000000,0.807546,-0.0115079,-0.0523791,0.834196,-0.0116596,1.54522
36.010000000,0.812438,-0.0116219,-0.0524979,0.839212,-0.0117812,1.5451
36.230000000,0.817335,-0.0117363,-0.0526166,0.844228,-0.0119033,1.54498
36.410000000,0.822329,-0.0118552,-0.0527347,0.849294,-0.0120272,1.54486
36.610000000,0.827079,-0.0119627,-0.0528561,0.854335,-0.0121506,1.54474
36.810000000,0.832072,-0.0120845,-0.0529759,0.859301,-0.0122733,1.54463
37.030000000,0.836952,-0.0122012,-0.0530936,0.864342,-0.012399,1.54451
37.210000000,0.841962,-0.0123234,-0.0532114,0.869308,-0.0125229,1.54439
37.410000000,0.846638,-0.0124299,-0.0533297,0.874399,-0.0126498,1.54427
37.610000000,0.851655,-0.0125553,-0.0534514,0.879365,-0.0127749,1.54415
37.810000000,0.856539,-0.0126744,-0.0535686,0.884406,-0.012903,1.54403
38.010000000,0.861454,-0.0127952,-0.0536887,0.889422,-0.0130305,1.54391
38.230000000,0.866355,-0.0129157,-0.053807,0.894388,-0.0131573,1.54379
38.410000000,0.871308,-0.0130387,-0.0539228,0.899429,-0.013286,1.54368
38.610000000,0.876032,-0.0131508,-0.0540445,0.90452,-0.0134179,1.54355
38.810000000,0.881061,-0.0132802,-0.0541662,0.909485,-0.0135464,1.54344
39.010000000,0.885945,-0.0134023,-0.0542825,0.914451,-0.0136756,1.54332
39.210000000,0.890801,-0.0135241,-0.0544003,0.919542,-0.013808,1.5432
39.410000000,0.895749,-0.0136509,-0.0545224,0.924483,-0.0139383,1.54308
39.610000000,0.900599,-0.0137735,-0.0546387,0.929499,-0.0140705,1.54296
39.810000000,0.905485,-0.0138983,-0.054758,0.934539,-0.0142034,1.54284
40.010000000,0.910398,-0.0140247,-0.054878,0.93953,-0.0143368,1.54272
40.210000000,0.91528,-0.0141501,-0.0549961,0.944571,-0.0144709,1.54261
40.410000000,0.920192,-0.0142775,-0.0551159,0.949561,-0.0146055,1.54249
40.610000000,0.925074,-0.014404,-0.0552339,0.954627,-0.0147421,1.54237
40.810000000,0.930006,-0.0145333,-0.0553542,0.959593,-0.0148766,1.54225
41.030000000,0.934871,-0.0146602,-0.0554712,0.964659,-0.0150143,1.54213
41.210000000,0.939896,-0.0147947,-0.05559,0.969649,-0.0151501,1.54201
41.430000000,0.944596,-0.0149133,-0.0557109,0.979656,-0.0154258,1.54177
41.610000000,0.949695,-0.0150541,-0.0558291,0.979656,-0.0154258,1.54177
41.830000000,0.954373,-0.0151734,-0.055948,0.984746,-0.0155661,1.54165
42.030000000,0.959484,-0.0153165,-0.0560671,0.989712,-0.0157041,1.54154
42.210000000,0.96429,-0.0154425,-0.0561845,0.994777,-0.0158455,1.54142
42.410000000,0.9691,-0.0155708,-0.0563086,0.999793,-0.0159861,1.5413
42.610000000,0.974085,-0.0157104,-0.056427,1.00473,-0.0161258,1.54118
42.810000000,0.978944,-0.0158431,-0.0565429,1.00977,-0.0162677,1.54106
43.010000000,0.98385,-0.0159782,-0.0566633,1.01476,-0.01641,1.54094
43.210000000,0.988731,-0.0161123,-0.0567815,1.01978,-0.0165529,1.54082
43.410000000,0.993624,-0.0162476,-0.0569007,1.0248,-0.0166965,1.5407
43.610000000,0.998519,-0.0163835,-0.0570197,1.02981,-0.0168407,1.54058
43.810000000,1.00342,-0.0165198,-0.0571387,1.03483,-0.0169855,1.54046
44.030000000,1.00831,-0.0166567,-0.0572574,1.03984,-0.0171308,1.54035
44.210000000,1.0133,-0.0167985,-0.0573738,1.04491,-0.0172782,1.54022
44.410000000,1.01806,-0.016928,-0.0574989,1.04995,-0.0174249,1.54011
44.610000000,1.02305,-0.0170728,-0.0576174,1.05491,-0.0175706,1.53999
44.810000000,1.02793,-0.0172118,-0.0577343,1.0599,-0.0177182,1.53987
45.030000000,1.0328,-0.0173509,-0.0578523,1.06497,-0.0178681,1.53975
45.210000000,1.03782,-0.0174975,-0.0579707,1.06993,-0.0180155,1.53963
45.410000000,1.04251,-0.0176267,-0.0580922,1.07502,-0.0181667,1.53951
45.610000000,1.04752,-0.0177759,-0.0582138,1.07996,-0.0183152,1.53939
45.810000000,1.05239,-0.0179171,-0.058329,1.08498,-0.0184659,1.53927
46.010000000,1.05728,-0.01806,-0.0584485,1.09007,-0.0186189,1.53915
46.210000000,1.06223,-0.0182065,-0.0585714,1.09506,-0.0187707,1.53903
46.410000000,1.06712,-0.0183497,-0.0586883,1.10003,-0.0189217,1.53892
46.630000000,1.07197,-0.0184921,-0.0588055,1.10504,-0.0190749,1.5388
46.830000000,1.07695,-0.0186412,-0.0589218,1.11011,-0.0192301,1.53868
47.030000000,1.08181,-0.018783,-0.0590441,1.11515,-0.0193846,1.53856
47.230000000,1.08672,-0.0189291,-0.0591645,1.12031,-0.0195442,1.53843
