0.000000000,0,1,1e-10,0,1,1e-10
0.000000000,0,1,1e-10,0,0,1e-09
2.611000000,0,1,1e-10,0,0,1e-09
2.611000000,0,1,1e-10,0,0,1e-09
2.811000000,0,1,1e-10,-0.000117411,1.0002,1.56646
3.011000000,0,1,1e-10,-0.000117464,1.0002,1.56646
3.231000000,0.0112736,0.999889,-0.0196666,0.00912587,1.00017,1.56626
3.411000000,-0.0521583,1.00379,0.0217893,0.0254307,1.00008,1.56597
3.631000000,-0.0428676,1.00479,0.0279689,0.0386013,1,1.56618
3.811000000,-0.0428676,1.00479,0.0279689,0.0424667,1.00001,1.56575
4.011000000,-0.0428676,1.00479,0.0279689,0.0396297,1.00007,1.56491
4.211000000,-0.0257859,1.0056,0.0229585,0.0367911,1.00012,1.56444
4.411000000,-0.00617371,1.00645,2.43529e-05,0.0393524,1.0001,1.56446
4.611000000,0.00363703,1.00608,-0.00566264,0.0484721,1.00003,1.56477
4.811000000,0.0138772,1.00562,-0.00559253,0.0601421,0.999952,1.56492
5.011000000,0.0204515,1.0054,-2.15747e-05,0.0685582,0.999907,1.56482
5.211000000,0.0204515,1.0054,-2.15747e-05,0.0718687,0.999906,1.56452
5.411000000,0.027873,1.00526,0.000486544,0.0719371,0.999929,1.56411
5.611000000,0.0322361,1.00528,-0.00075811,0.0727402,0.999941,1.56382
5.811000000,0.0361604,1.00524,-0.00314033,0.0777035,0.999906,1.56384
6.011000000,0.0415505,1.00518,-0.00349055,0.0861377,0.99984,1.56397
6.211000000,0.0482407,1.00514,-0.00177133,0.0946946,0.999779,1.564
6.411000000,0.0550681,1.00512,-0.000647647,0.101027,0.999745,1.56386
6.611000000,0.0609479,1.0051,-0.000382309,0.104182,0.999739,1.56357
6.811000000,0.0642538,1.00511,-0.000656939,0.106219,0.999737,1.56337
7.011000000,0.0677859,1.00509,-0.00152995,0.109537,0.999719,1.56324
7.211000000,0.0717997,1.00507,-0.00202034,0.115063,0.999679,1.56322
7.411000000,0.076998,1.00503,-0.00208602,0.122276,0.999623,1.56323
7.611000000,0.0830277,1.00499,-0.00171369,0.129181,0.999575,1.56318
7.811000000,0.0890428,1.00496,-0.00138158,0.134434,0.999543,1.56302
8.011000000,0.0940553,1.00495,-0.00126271,0.13797,0.999529,1.56279
8.211000000,0.0987471,1.00492,-0.001722,0.141183,0.999515,1.56259
8.411000000,0.103152,1.00488,-0.00224536,0.145561,0.999485,1.56248
8.611000000,0.10799,1.00484,-0.00257504,0.15136,0.99944,1.56244
8.831000000,0.113437,1.00479,-0.00259182,0.157812,0.999388,1.5624
9.011000000,0.119264,1.00474,-0.00247298,0.163874,0.999343,1.56231
9.211000000,0.124381,1.00472,-0.00223391,0.168712,0.99931,1.56214
9.411000000,0.129531,1.00469,-0.00238098,0.172513,0.999289,1.56196
9.611000000,0.134228,1.00465,-0.00270295,0.176582,0.999261,1.5618
9.811000000,0.139049,1.00461,-0.00301518,0.181448,0.999223,1.56171
10.011000000,0.144176,1.00457,-0.00320741,0.187147,0.999175,1.56164
10.211000000,0.149527,1.00452,-0.00322514,0.193188,0.999124,1.56157
10.411000000,0.154982,1.00448,-0.00316571,0.198509,0.999082,1.56145
10.611000000,0.160159,1.00445,-0.00319429,0.203193,0.999046,1.56129
10.811000000,0.165182,1.00441,-0.00333118,0.207418,0.999016,1.56114
11.011000000,0.170093,1.00437,-0.0035663,0.211915,0.99898,1.561
11.211000000,0.175098,1.00432,-0.00379275,0.217062,0.998934,1.56091
11.411000000,0.180299,1.00427,-0.00392982,0.222678,0.998884,1.56083
11.611000000,0.171355,1.00368,0.0147284,0.228263,0.998833,1.56073
11.811000000,0.184197,1.00395,0.00027988,0.233301,0.99879,1.56061
12.011000000,0.191708,1.00399,-0.000549509,0.237991,0.99875,1.56046
12.211000000,0.197506,1.00398,-0.000917588,0.242473,0.998712,1.56032
12.411000000,0.202708,1.00395,-0.00118752,0.247313,0.998668,1.5602
12.611000000,0.207884,1.0039,-0.00137532,0.252487,0.99862,1.5601
12.811000000,0.213091,1.00386,-0.00149688,0.257901,0.998567,1.56001
13.011000000,0.218346,1.00381,-0.00155987,0.2632,0.998516,1.5599
13.211000000,0.22356,1.00376,-0.0016221,0.268205,0.998468,1.55977
13.411000000,0.228697,1.00372,-0.00172437,0.272909,0.998425,1.55963
13.611000000,0.233736,1.00367,-0.00188007,0.277637,0.99838,1.5595
13.811000000,0.238784,1.00362,-0.0020448,0.282581,0.99833,1.55939
14.011000000,0.243899,1.00357,-0.00218668,0.287772,0.998277,1.55928
14.211000000,0.249085,1.00351,-0.00228875,0.293099,0.998222,1.55918
14.411000000,0.254333,1.00346,-0.0023645,0.298268,0.998168,1.55906
14.611000000,0.259534,1.00341,-0.00245617,0.303153,0.998118,1.55893
14.811000000,0.264617,1.00336,-0.00258151,0.307988,0.998068,1.5588
15.011000000,0.269706,1.00331,-0.00272265,0.312804,0.998018,1.55868
15.211000000,0.274763,1.00325,-0.00287155,0.317802,0.997963,1.55857
15.411000000,0.279871,1.0032,-0.00299497,0.323011,0.997905,1.55846
15.631000000,0.285075,1.00314,-0.00309111,0.328207,0.997848,1.55835
15.811000000,0.29043,1.00308,-0.00322896,0.333215,0.997793,1.55823
16.011000000,0.295302,1.00303,-0.00326946,0.338244,0.997737,1.5581
16.211000000,0.300549,1.00297,-0.00340519,0.343078,0.997682,1.55798
16.411000000,0.305652,1.00292,-0.00355659,0.348001,0.997626,1.55786
16.611000000,0.310747,1.00286,-0.00368927,0.353056,0.997567,1.55775
16.811000000,0.31589,1.0028,-0.00380581,0.358153,0.997507,1.55764
17.011000000,0.321039,1.00274,-0.00391268,0.363253,0.997447,1.55752
17.211000000,0.326197,1.00268,-0.00401642,0.368344,0.997385,1.5574
17.411000000,0.331387,1.00262,-0.00412532,0.373237,0.997327,1.55728
17.611000000,0.33648,1.00255,-0.00425778,0.378149,0.997268,1.55716
17.811000000,0.341569,1.00249,-0.00438726,0.383141,0.997206,1.55704
18.011000000,0.346693,1.00243,-0.004509,0.388202,0.997143,1.55693
18.211000000,0.351844,1.00237,-0.0046236,0.393289,0.997079,1.55681
18.411000000,0.357,1.0023,-0.00473351,0.398345,0.997015,1.55669
18.611000000,0.362145,1.00224,-0.00484509,0.403394,0.996951,1.55657
18.811000000,0.367312,1.00217,-0.00496086,0.408307,0.996888,1.55645
19.011000000,0.372403,1.00211,-0.00508935,0.41328,0.996824,1.55633
19.211000000,0.377519,1.00204,-0.00521141,0.418294,0.996758,1.55622
19.411000000,0.382654,1.00197,-0.00533085,0.423322,0.99669,1.5561
19.611000000,0.387782,1.00191,-0.00544658,0.428407,0.996623,1.55598
19.811000000,0.392944,1.00184,-0.00555722,0.433439,0.996555,1.55587
20.011000000,0.398088,1.00177,-0.0056736,0.438436,0.996487,1.55575
20.211000000,0.40322,1.0017,-0.00579365,0.443417,0.996419,1.55563
20.411000000,0.408344,1.00163,-0.00591521,0.448437,0.996349,1.55551
20.611000000,0.413494,1.00156,-0.00603541,0.453462,0.996279,1.55539
20.811000000,0.418637,1.00149,-0.00615442,0.458506,0.996208,1.55527
21.011000000,0.423783,1.00142,-0.00627024,0.463521,0.996137,1.55516
21.211000000,0.428907,1.00134,-0.00638673,0.468541,0.996066,1.55504
21.411000000,0.434042,1.00127,-0.00650367,0.47354,0.995994,1.55492
21.611000000,0.43917,1.0012,-0.00662283,0.478535,0.995921,1.5548
21.811000000,0.4443,1.00112,-0.00674349,0.483543,0.995848,1.55468
22.011000000,0.449433,1.00105,-0.00686289,0.488569,0.995774,1.55457
22.211000000,0.454571,1.00097,-0.00698006,0.49363,0.995698,1.55445
22.411000000,0.459733,1.0009,-0.00709522,0.498634,0.995623,1.55433
22.611000000,0.464859,1.00082,-0.00721434,0.503648,0.995547,1.55421
22.811000000,0.484886,1.0003,-0.00867744,0.508726,0.995469,1.55409
23.011000000,0.493991,0.999871,-0.00981014,0.51368,0.995393,1.55397
23.211000000,0.500245,0.999531,-0.0103021,0.51867,0.995317,1.55386
23.411000000,0.505752,0.999265,-0.01059,0.523772,0.995237,1.55374
23.611000000,0.511123,0.999052,-0.0108025,0.528775,0.995158,1.55362
23.811000000,0.516361,0.998875,-0.0109863,0.533772,0.995079,1.5535
24.011000000,0.521542,0.998725,-0.0111472,0.538834,0.994998,1.55338
24.211000000,0.526754,0.998594,-0.011294,0.543766,0.994919,1.55327
24.411000000,0.531867,0.998476,-0.0114396,0.548801,0.994837,1.55315
24.611000000,0.537032,0.998366,-0.0115707,0.553794,0.994757,1.55303
24.811000000,0.542168,0.998262,-0.0117016,0.558893,0.994672,1.55291
25.011000000,0.54737,0.998163,-0.0118236,0.563842,0.994591,1.55279
25.211000000,0.552473,0.998067,-0.0119524,0.56886,0.994507,1.55268
25.411000000,0.557604,0.997973,-0.0120722,0.573947,0.994421,1.55256
25.611000000,0.562797,0.99788,-0.0121907,0.578883,0.994339,1.55244
25.811000000,0.567888,0.997788,-0.0123169,0.583972,0.994251,1.55232
26.011000000,0.573072,0.997695,-0.0124324,0.588916,0.994167,1.5522
26.211000000,0.578165,0.997603,-0.0125564,0.594013,0.994079,1.55208
26.411000000,0.583351,0.997511,-0.01267,0.599033,0.993992,1.55196
26.611000000,0.588498,0.997418,-0.012791,0.603974,0.993906,1.55185
26.811000000,0.549634,0.996379,0.00612689,0.608987,0.993818,1.55173
27.011000000,0.544864,0.99574,0.00780079,0.61405,0.993728,1.55161
27.211000000,0.547958,0.995339,0.00798457,0.619016,0.993639,1.55149
27.411000000,0.552674,0.995046,0.00785559,0.624085,0.993548,1.55137
27.611000000,0.557837,0.994814,0.00768014,0.62908,0.993457,1.55126
27.811000000,0.563022,0.994623,0.00750357,0.634123,0.993366,1.55114
28.011000000,0.56823,0.99446,0.00734524,0.639089,0.993275,1.55102
28.211000000,0.573376,0.994316,0.00719175,0.644103,0.993183,1.5509
28.411000000,0.578537,0.994187,0.00705084,0.649118,0.99309,1.55078
28.611000000,0.583697,0.994068,0.00691447,0.654135,0.992996,1.55067
28.811000000,0.58885,0.993956,0.00678351,0.659153,0.992902,1.55055
29.011000000,0.594,0.99385,0.00665595,0.664171,0.992807,1.55043
29.211000000,0.599145,0.993747,0.00653118,0.669189,0.992712,1.55031
29.411000000,0.604288,0.993646,0.00640737,0.674204,0.992616,1.55019
29.611000000,0.609429,0.993547,0.00628533,0.679294,0.992517,1.55007
29.811000000,0.614625,0.99345,0.00616798,0.68431,0.99242,1.54995
30.011000000,0.619778,0.993353,0.00604402,0.689252,0.992324,1.54984
30.211000000,0.624862,0.993255,0.00592106,0.69432,0.992225,1.54972
30.411000000,0.630026,0.993158,0.00580548,0.699287,0.992127,1.5496
30.611000000,0.635129,0.99306,0.00568416,0.704329,0.992026,1.54948
30.811000000,0.640277,0.992963,0.0055678,0.709345,0.991926,1.54936
31.011000000,0.645414,0.992866,0.00544934,0.714385,0.991825,1.54924
31.211000000,0.650572,0.992768,0.00533011,0.719376,0.991724,1.54913
31.411000000,0.655693,0.992669,0.00521036,0.724368,0.991623,1.54901
31.611000000,0.660805,0.99257,0.00509206,0.729411,0.991519,1.54889
31.811000000,0.665955,0.99247,0.00497538,0.734402,0.991417,1.54877
32.011000000,0.671075,0.99237,0.00485536,0.739494,0.991311,1.54865
32.211000000,0.676264,0.992271,0.00474005,0.744434,0.991209,1.54853
32.411000000,0.681356,0.992168,0.00461703,0.74945,0.991104,1.54842
32.611000000,0.686481,0.992066,0.00450017,0.754517,0.990998,1.5483
32.811000000,0.691653,0.991963,0.00438373,0.759534,0.990892,1.54818
33.011000000,0.696796,0.99186,0.00426438,0.764526,0.990785,1.54806
33.211000000,0.701913,0.991757,0.00414552,0.769517,0.990679,1.54794
33.411000000,0.707026,0.991652,0.00402627,0.774533,0.990571,1.54782
33.611000000,0.712155,0.991548,0.00390949,0.779624,0.99046,1.5477
33.811000000,0.717349,0.991442,0.00379334,0.78459,0.990352,1.54758
34.011000000,0.722458,0.991336,0.00367159,0.789632,0.990242,1.54747
34.211000000,0.727608,0.991229,0.00355402,0.794598,0.990133,1.54735
34.411000000,0.732707,0.991122,0.00343404,0.799665,0.990021,1.54723
34.611000000,0.737874,0.991014,0.00331832,0.804631,0.989911,1.54711
34.811000000,0.746953,0.990911,0.00334065,0.809697,0.989798,1.54699
35.011000000,0.749035,0.990776,0.00291659,0.814663,0.989686,1.54687
35.211000000,0.753455,0.990665,0.00291498,0.819754,0.989571,1.54675
35.411000000,0.758489,0.990559,0.00282899,0.824721,0.989458,1.54664
35.611000000,0.763559,0.990452,0.00271492,0.829712,0.989345,1.54652
35.811000000,0.768661,0.990343,0.00259929,0.834728,0.98923,1.5464
36.011000000,0.773788,0.990233,0.00248327,0.839744,0.989114,1.54628
36.211000000,0.778921,0.990122,0.00236589,0.84476,0.988998,1.54616
36.411000000,0.784055,0.99001,0.00224822,0.849827,0.98888,1.54604
36.611000000,0.789228,0.989897,0.00213212,0.854868,0.988761,1.54592
36.811000000,0.794391,0.989784,0.00201286,0.859834,0.988644,1.54581
37.011000000,0.799491,0.989669,0.00189286,0.864875,0.988526,1.54569
37.211000000,0.804641,0.989553,0.0017758,0.869841,0.988408,1.54557
37.411000000,0.80974,0.989436,0.00165544,0.874933,0.988286,1.54545
37.611000000,0.814925,0.98932,0.00154032,0.879898,0.988166,1.54533
37.811000000,0.820033,0.989202,0.00141912,0.884939,0.988046,1.54521
38.011000000,0.825182,0.989083,0.00130161,0.889956,0.987924,1.54509
38.231000000,0.830321,0.988964,0.00118246,0.894921,0.987803,1.54498
38.411000000,0.835521,0.988841,0.00104367,0.899963,0.987679,1.54486
38.611000000,0.840473,0.988724,0.00096094,0.905054,0.987554,1.54474
38.811000000,0.845739,0.988606,0.000832311,0.91002,0.987432,1.54462
39.011000000,0.850865,0.988484,0.000708205,0.914985,0.987308,1.5445
39.211000000,0.855958,0.988362,0.000588789,0.920077,0.987181,1.54438
39.411000000,0.861146,0.988239,0.000473588,0.925017,0.987058,1.54426
39.611000000,0.866232,0.988116,0.000351377,0.930033,0.986931,1.54415
39.811000000,0.871356,0.987993,0.000234702,0.935075,0.986803,1.54402
40.011000000,0.876507,0.987869,0.000117195,0.940065,0.986677,1.54391
40.211000000,0.881626,0.987744,-2.55313e-06,0.945106,0.986547,1.54379
40.411000000,0.886778,0.987618,-0.00012024,0.950097,0.98642,1.54367
40.611000000,0.891897,0.987492,-0.000240091,0.955163,0.986289,1.54355
40.811000000,0.897069,0.987365,-0.000357558,0.960129,0.986161,1.54343
41.011000000,0.902172,0.987237,-0.000478705,0.965195,0.986029,1.54331
41.211000000,0.907341,0.987109,-0.00059539,0.970186,0.985898,1.54319
41.411000000,0.912463,0.98698,-0.000715546,0.975252,0.985765,1.54307
41.611000000,0.921551,0.98684,-0.000724564,0.980192,0.985635,1.54296
41.811000000,0.923555,0.986699,-0.00109619,0.985283,0.9855,1.54284
42.011000000,0.92809,0.986571,-0.00110757,0.990249,0.985368,1.54272
42.211000000,0.933055,0.986442,-0.00120535,0.995315,0.985232,1.5426
42.411000000,0.938192,0.986314,-0.00131542,1.00033,0.985097,1.54248
42.611000000,0.943327,0.986185,-0.00143372,1.00527,0.984965,1.54236
42.811000000,0.9484,0.986054,-0.00155301,1.01031,0.984828,1.54224
43.011000000,0.953542,0.985922,-0.00166796,1.0153,0.984693,1.54212
43.211000000,0.958658,0.985789,-0.0017876,1.02032,0.984556,1.54201
43.411000000,0.963789,0.985655,-0.001905,1.02533,0.984418,1.54189
43.611000000,0.968923,0.98552,-0.0020234,1.03035,0.98428,1.54177
43.811000000,0.974057,0.985385,-0.00214186,1.03536,0.984141,1.54165
44.011000000,0.979192,0.985249,-0.00226091,1.04038,0.984001,1.54153
44.211000000,0.984327,0.985112,-0.00237965,1.04545,0.98386,1.54141
44.411000000,0.989502,0.984974,-0.00249749,1.05049,0.983718,1.54129
44.611000000,0.994664,0.984836,-0.00261698,1.05545,0.983578,1.54117
44.811000000,0.999766,0.984697,-0.00273736,1.06044,0.983438,1.54105
45.011000000,1.00487,0.984557,-0.00285623,1.06551,0.983294,1.54093
45.211000000,1.01004,0.984417,-0.00297338,1.07047,0.983152,1.54082
45.411000000,1.01515,0.984276,-0.00309414,1.07556,0.983006,1.54069
45.611000000,1.02033,0.984134,-0.00321013,1.0805,0.982864,1.54058
45.811000000,1.02542,0.983992,-0.003333,1.08552,0.98272,1.54046
46.011000000,1.03055,0.983849,-0.00345035,1.09061,0.982571,1.54034
46.211000000,1.03574,0.983706,-0.00356677,1.0956,0.982427,1.54022
46.411000000,1.04086,0.983562,-0.00368898,1.10057,0.982282,1.5401
46.611000000,1.04596,0.983417,-0.00380876,1.10558,0.982135,1.53998
46.831000000,1.05108,0.983272,-0.00392657,1.11065,0.981985,1.53986
47.011000000,1.05636,0.983122,-0.0040609,1.11569,0.981835,1.53974
47.211000000,1.06133,0.982979,-0.00415137,1.12085,0.981682,1.53962
