0.000000000,1,2,0.5233,1,2,0.5233
0.000000000,1,2,0.5233,1,2,0.5233
16.017000000,1,2,0.5233,0,0,1e-09
16.017000000,1,2,0.5233,0,0,1e-09
16.077000000,1,2,0.5233,0.998986,2.00139,2.05959
16.157000000,1,2,0.5233,0.998986,2.00139,2.05959
16.217000000,0.997225,1.98884,0.52742,1.00072,2.00215,2.06203
16.277000000,0.992068,1.98496,0.528367,1.00453,2.00394,2.06593
16.357000000,0.998892,1.98983,0.547077,1.00914,2.00636,2.06664
16.417000000,1.00435,1.99551,0.564214,1.01763,2.01091,2.06698
16.477000000,1.00435,1.99551,0.564214,1.01763,2.01091,2.06698
16.557000000,1.00435,1.99551,0.564214,1.02064,2.01278,2.0634
16.617000000,1.00435,1.99551,0.564214,1.01962,2.01233,2.06208
16.677000000,1.00584,1.99683,0.55407,1.01883,2.0114,2.06945
16.757000000,1.01036,2.00005,0.586116,1.01931,2.01146,2.073
16.817000000,1.0113,2.00094,0.576153,1.02113,2.01245,2.07321
16.877000000,1.01267,2.00219,0.569254,1.02437,2.01423,2.07311
16.957000000,1.01474,2.00378,0.56538,1.02869,2.01659,2.07346
17.017000000,1.01768,2.00611,0.563049,1.03313,2.019,2.07416
17.077000000,1.02028,2.00811,0.572834,1.03764,2.02145,2.07512
17.157000000,1.02057,2.00909,0.57563,1.04109,2.02329,2.07647
17.217000000,1.01964,2.00958,0.574901,1.04357,2.02457,2.07795
17.277000000,1.01964,2.00958,0.574901,1.04455,2.025,2.0798
17.357000000,1.01964,2.00958,0.574901,1.04487,2.02506,2.08201
17.417000000,1.01819,2.00955,0.575836,1.04524,2.02522,2.08313
17.477000000,1.02012,2.01179,0.578141,1.0464,2.02583,2.08405
17.557000000,1.02036,2.01289,0.578753,1.04866,2.02705,2.08486
17.617000000,1.02254,2.01513,0.578908,1.05206,2.02895,2.0852
17.677000000,1.02361,2.01718,0.580535,1.05653,2.03146,2.0855
17.757000000,1.02502,2.01928,0.581987,1.06152,2.03426,2.08599
17.817000000,1.02738,2.02191,0.582876,1.06619,2.03688,2.08689
17.877000000,1.02778,2.02319,0.584712,1.06983,2.03887,2.08826
17.957000000,1.02758,2.02398,0.587468,1.07237,2.04017,2.09082
18.017000000,1.02687,2.02463,0.591215,1.07386,2.04086,2.09363
18.077000000,1.02569,2.02492,0.593073,1.0749,2.04136,2.09529
18.157000000,1.02456,2.02522,0.594921,1.07585,2.04188,2.09613
18.217000000,1.02533,2.02672,0.602832,1.07733,2.0427,2.09687
18.297000000,1.02574,2.02796,0.602224,1.0795,2.04393,2.09737
18.357000000,1.02745,2.03016,0.600593,1.08251,2.04567,2.09756
18.417000000,1.02881,2.03204,0.601588,1.0865,2.04796,2.09808
18.477000000,1.03051,2.03405,0.604905,1.08992,2.04993,2.09883
18.557000000,1.03216,2.036,0.608584,1.09363,2.05206,2.09972
18.617000000,1.03393,2.03817,0.61442,1.0966,2.05376,2.10067
18.677000000,1.03373,2.03891,0.614294,1.09875,2.05496,2.10184
18.757000000,1.03316,2.03935,0.614117,1.1002,2.05579,2.10254
18.817000000,1.03259,2.03979,0.615912,1.1012,2.05633,2.10347
18.877000000,1.03206,2.04021,0.616482,1.10218,2.05688,2.10434
18.957000000,1.03221,2.04113,0.61605,1.10374,2.05777,2.10487
19.017000000,1.03364,2.04294,0.615674,1.10635,2.05929,2.10537
19.077000000,1.03527,2.04486,0.615534,1.10962,2.06118,2.10606
19.157000000,1.03737,2.04707,0.61541,1.11392,2.06371,2.10652
19.217000000,1.04164,2.05076,0.623254,1.11835,2.06632,2.10715
19.277000000,1.04415,2.05316,0.628371,1.12217,2.06856,2.108
19.357000000,1.04523,2.05452,0.6286,1.12547,2.07047,2.10912
19.417000000,1.04556,2.05532,0.629807,1.12744,2.07156,2.1106
19.497000000,1.04556,2.05532,0.629807,1.12831,2.072,2.11204
19.557000000,1.04498,2.05544,0.62888,1.1288,2.07224,2.1131
19.617000000,1.04616,2.057,0.628173,1.12961,2.07269,2.11406
19.677000000,1.04902,2.05898,0.63839,1.13113,2.07357,2.1146
19.757000000,1.0517,2.0609,0.63827,1.13381,2.07514,2.11537
19.817000000,1.05514,2.06354,0.638426,1.13726,2.07723,2.11548
19.897000000,1.05863,2.06618,0.64361,1.14428,2.08143,2.11702
19.957000000,1.06375,2.07004,0.658314,1.14428,2.08143,2.11702
20.017000000,1.06515,2.07109,0.657378,1.14731,2.08323,2.11815
20.077000000,1.06583,2.07149,0.656771,1.14887,2.08414,2.11882
20.157000000,1.06621,2.07173,0.657788,1.14987,2.08471,2.11974
20.217000000,1.06659,2.07196,0.658683,1.15062,2.08513,2.12076
20.277000000,1.06801,2.07309,0.662833,1.15168,2.08576,2.12131
20.357000000,1.06957,2.07434,0.661703,1.15375,2.087,2.12174
20.417000000,1.07264,2.07679,0.660737,1.16061,2.09118,2.1225
20.477000000,1.07627,2.0797,0.667273,1.16061,2.09118,2.1225
20.557000000,1.08019,2.08264,0.67045,1.16513,2.09394,2.12321
20.617000000,1.08375,2.08529,0.668316,1.16845,2.09597,2.12371
20.677000000,1.08533,2.08641,0.666625,1.17145,2.09778,2.12451
20.757000000,1.08593,2.08694,0.666572,1.17317,2.09872,2.12666
20.817000000,1.08637,2.08742,0.667517,1.17398,2.09915,2.12813
20.877000000,1.08676,2.08788,0.668636,1.1747,2.09957,2.12887
20.957000000,1.08747,2.08861,0.668724,1.17581,2.10024,2.12951
21.017000000,1.08991,2.09071,0.672824,1.17788,2.10149,2.1301
21.077000000,1.09214,2.09265,0.67183,1.18084,2.10332,2.13055
21.157000000,1.09549,2.09553,0.677695,1.18441,2.10554,2.13081
21.217000000,1.10009,2.09945,0.684718,1.18855,2.10811,2.13135
21.277000000,1.10244,2.1016,0.685019,1.19235,2.11047,2.13206
21.357000000,1.10361,2.10279,0.68378,1.19511,2.11218,2.13271
21.417000000,1.10361,2.10279,0.68378,1.19658,2.11301,2.13439
21.477000000,1.10431,2.10358,0.68404,1.19744,2.11347,2.13597
21.557000000,1.10484,2.10424,0.683439,1.19814,2.11388,2.13682
21.617000000,1.10657,2.10594,0.689446,1.19924,2.11456,2.13732
21.677000000,1.10806,2.10748,0.687176,1.20143,2.11593,2.13788
21.757000000,1.11026,2.10961,0.684389,1.20472,2.11801,2.13812
21.817000000,1.11368,2.11272,0.683881,1.20846,2.12037,2.13858
21.897000000,1.1173,2.11597,0.694181,1.21255,2.12295,2.13945
21.957000000,1.12022,2.11872,0.693152,1.21589,2.12506,2.14023
22.017000000,1.12117,2.11992,0.692387,1.21902,2.12703,2.14099
22.077000000,1.12152,2.12061,0.691821,1.22072,2.12808,2.14193
22.157000000,1.12157,2.12102,0.691562,1.22169,2.12865,2.14292
22.217000000,1.12184,2.12163,0.691487,1.22262,2.12923,2.14377
22.277000000,1.12211,2.12245,0.692389,1.22598,2.13135,2.14491
22.357000000,1.12319,2.12393,0.693275,1.22598,2.13135,2.14491
22.417000000,1.12583,2.12671,0.69273,1.22895,2.13324,2.14542
22.477000000,1.12818,2.12923,0.693634,1.23316,2.13594,2.14604
22.557000000,1.13062,2.13183,0.694593,1.23693,2.13836,2.14665
22.617000000,1.13374,2.135,0.695189,1.24131,2.14116,2.14763
22.677000000,1.13552,2.13706,0.700151,1.24451,2.14319,2.14883
22.757000000,1.13624,2.13822,0.700922,1.24675,2.14459,2.15013
22.817000000,1.13674,2.13919,0.701517,1.2483,2.14557,2.15104
22.877000000,1.13653,2.13956,0.701915,1.2493,2.14619,2.15179
22.957000000,1.13648,2.14008,0.702589,1.25024,2.14678,2.1525
23.017000000,1.13743,2.14144,0.704167,1.25165,2.14768,2.15327
23.077000000,1.13992,2.14408,0.714074,1.25399,2.14918,2.15415
23.157000000,1.14185,2.14629,0.712183,1.2569,2.15108,2.15469
23.217000000,1.1446,2.1492,0.711931,1.26063,2.15353,2.1549
23.277000000,1.14687,2.15166,0.715731,1.264,2.15572,2.15574
23.357000000,1.14806,2.15322,0.71605,1.2668,2.15754,2.1568
23.417000000,1.14931,2.15484,0.715933,1.2692,2.1591,2.15768
23.477000000,1.1496,2.15562,0.715894,1.2708,2.16014,2.15842
23.557000000,1.14956,2.15628,0.716828,1.27211,2.16098,2.15918
23.617000000,1.15011,2.15747,0.718062,1.27358,2.16193,2.15989
23.677000000,1.15079,2.15875,0.718961,1.27559,2.16326,2.16056
23.757000000,1.15245,2.16089,0.724076,1.27815,2.16493,2.16129
23.817000000,1.15562,2.16436,0.727906,1.2816,2.16721,2.16197
23.877000000,1.15792,2.16707,0.73277,1.28507,2.16952,2.1625
23.957000000,1.15976,2.16935,0.736078,1.2887,2.17193,2.16315
24.017000000,1.16144,2.1715,0.737867,1.2912,2.17358,2.16399
24.077000000,1.16156,2.17226,0.737281,1.29303,2.17478,2.16479
24.157000000,1.16126,2.17264,0.736947,1.29414,2.1755,2.16553
24.217000000,1.16114,2.17319,0.736977,1.29504,2.17608,2.16632
24.297000000,1.16126,2.17396,0.737622,1.29619,2.17682,2.16712
24.357000000,1.16456,2.17764,0.753425,1.2982,2.17814,2.16788
24.417000000,1.16677,2.18034,0.753414,1.30136,2.18025,2.16862
24.477000000,1.1685,2.18259,0.750037,1.30461,2.18246,2.16866
24.557000000,1.16978,2.18441,0.748901,1.30763,2.18449,2.16919
24.617000000,1.17159,2.18672,0.756362,1.31008,2.1861,2.17073
24.677000000,1.17171,2.18747,0.75626,1.312,2.18735,2.1721
24.757000000,1.17168,2.18809,0.755225,1.31336,2.18824,2.17284
24.817000000,1.17214,2.18917,0.754459,1.31642,2.19029,2.17422
24.877000000,1.17291,2.19055,0.756559,1.31642,2.19029,2.17422
24.957000000,1.17424,2.19246,0.759122,1.31874,2.19185,2.17492
25.017000000,1.17764,2.19562,0.762249,1.32166,2.19384,2.17547
25.077000000,1.18032,2.19811,0.763494,1.32501,2.19614,2.17603
25.157000000,1.18276,2.20037,0.763972,1.32833,2.19841,2.17667
25.217000000,1.18544,2.20291,0.76477,1.33341,2.20187,2.17816
25.277000000,1.18683,2.20423,0.764752,1.33341,2.20187,2.17816
25.357000000,1.18786,2.20525,0.765045,1.33497,2.20294,2.17888
25.417000000,1.18919,2.20657,0.766569,1.3364,2.20391,2.17963
25.477000000,1.19033,2.20774,0.768087,1.3378,2.20485,2.18026
25.557000000,1.19164,2.20908,0.767653,1.33965,2.20611,2.18095
25.617000000,1.194,2.21145,0.766483,1.34211,2.20781,2.1815
25.677000000,1.19676,2.21423,0.771474,1.34503,2.20982,2.18224
25.757000000,1.19899,2.21651,0.770679,1.34824,2.21203,2.18303
25.817000000,1.20257,2.22011,0.779402,1.35116,2.21407,2.18356
25.877000000,1.20422,2.22184,0.779867,1.35389,2.21596,2.18442
25.957000000,1.20506,2.22278,0.779764,1.35589,2.21733,2.18515
26.017000000,1.20608,2.22393,0.780156,1.35717,2.2182,2.18581
26.077000000,1.2068,2.22482,0.781273,1.35834,2.21901,2.18649
26.157000000,1.20792,2.22611,0.783246,1.35973,2.21996,2.1872
26.217000000,1.21056,2.22893,0.789439,1.36175,2.22136,2.1879
26.277000000,1.21234,2.23092,0.788156,1.36461,2.22337,2.18833
26.357000000,1.21422,2.23302,0.787067,1.36759,2.22548,2.18866
26.417000000,1.21688,2.2359,0.786393,1.3706,2.22759,2.18943
26.477000000,1.21866,2.23791,0.787863,1.37337,2.22953,2.19023
26.557000000,1.2199,2.2394,0.787621,1.37588,2.23128,2.19115
26.617000000,1.22183,2.24158,0.791346,1.37809,2.23283,2.19193
26.677000000,1.22315,2.24316,0.79449,1.38005,2.23421,2.19268
26.757000000,1.22443,2.24471,0.797013,1.3818,2.23544,2.19326
26.817000000,1.22638,2.24695,0.800312,1.38375,2.23681,2.19382
26.877000000,1.22785,2.24872,0.802452,1.38579,2.23826,2.19438
26.957000000,1.22938,2.25055,0.804573,1.38993,2.2412,2.1955
27.017000000,1.23153,2.25304,0.807603,1.38993,2.2412,2.1955
27.077000000,1.23296,2.25478,0.809122,1.39219,2.2428,2.19611
27.157000000,1.2343,2.25644,0.810562,1.39411,2.24417,2.19667
27.217000000,1.23613,2.25863,0.813133,1.39609,2.24558,2.19728
27.277000000,1.23737,2.2602,0.814593,1.39808,2.24699,2.1979
27.357000000,1.23865,2.26183,0.816153,1.39996,2.24833,2.19848
27.417000000,1.2406,2.26417,0.81895,1.40181,2.24966,2.19902
27.477000000,1.24202,2.26597,0.820405,1.40396,2.25119,2.19962
27.537000000,1.24346,2.26778,0.821611,1.40589,2.25257,2.20014
27.617000000,1.24486,2.26956,0.822702,1.40801,2.2541,2.20072
27.677000000,1.24679,2.27193,0.824953,1.41009,2.25559,2.2013
27.757000000,1.24804,2.27357,0.826003,1.41215,2.25707,2.20192
27.817000000,1.24979,2.27577,0.828236,1.41404,2.25843,2.2025
27.877000000,1.251,2.27736,0.829144,1.41594,2.2598,2.2031
27.957000000,1.25226,2.27905,0.830416,1.41778,2.26113,2.20365
28.017000000,1.25419,2.28146,0.832904,1.4199,2.26266,2.20427
28.077000000,1.25556,2.28328,0.833966,1.42194,2.26413,2.20483
28.157000000,1.25694,2.28511,0.835037,1.42402,2.26564,2.20539
28.217000000,1.25886,2.28754,0.836969,1.42608,2.26714,2.20597
28.277000000,1.2601,2.28923,0.837814,1.42805,2.26857,2.20654
28.357000000,1.26129,2.29088,0.838716,1.43007,2.27003,2.20715
28.417000000,1.26301,2.29312,0.840851,1.43198,2.27142,2.20774
28.497000000,1.26422,2.2948,0.841869,1.43574,2.27417,2.20888
28.557000000,1.26606,2.29719,0.844131,1.43574,2.27417,2.20888
28.617000000,1.26738,2.299,0.84498,1.44,2.27728,2.21007
28.677000000,1.26871,2.30084,0.845932,1.44,2.27728,2.21007
28.757000000,1.27001,2.30265,0.846829,1.44208,2.2788,2.21065
28.817000000,1.27183,2.30505,0.848767,1.44406,2.28025,2.21122
28.877000000,1.27301,2.30674,0.849518,1.44601,2.28168,2.2118
28.957000000,1.27417,2.3084,0.850366,1.44799,2.28314,2.21241
29.017000000,1.27602,2.31073,0.854566,1.45177,2.28592,2.21356
29.077000000,1.27737,2.31249,0.857382,1.45177,2.28592,2.21356
29.157000000,1.27876,2.31432,0.860014,1.45386,2.28746,2.21416
29.217000000,1.28078,2.31686,0.863604,1.45585,2.28893,2.21472
29.277000000,1.28219,2.3187,0.865683,1.45792,2.29046,2.2153
29.357000000,1.28356,2.32051,0.867584,1.46002,2.29202,2.2159
29.417000000,1.28544,2.32291,0.870486,1.46193,2.29343,2.21646
29.477000000,1.28672,2.32459,0.871917,1.46387,2.29487,2.21706
29.557000000,1.28799,2.32628,0.873448,1.46562,2.29617,2.21759
29.617000000,1.28984,2.32867,0.876297,1.46754,2.2976,2.21818
29.677000000,1.2912,2.33047,0.877774,1.4696,2.29913,2.21878
29.757000000,1.29258,2.33232,0.87928,1.47165,2.30067,2.21937
29.817000000,1.29454,2.33488,0.881833,1.47566,2.30366,2.2205
29.877000000,1.2959,2.33671,0.883029,1.47566,2.30366,2.2205
29.957000000,1.2972,2.33848,0.884182,1.47778,2.30525,2.22113
30.017000000,1.29901,2.34088,0.886453,1.47965,2.30665,2.22169
30.077000000,1.30026,2.3426,0.887552,1.48149,2.30803,2.22225
30.157000000,1.30152,2.34434,0.888723,1.48355,2.30958,2.22288
30.217000000,1.30337,2.34681,0.891097,1.48539,2.31096,2.22343
30.277000000,1.3047,2.34865,0.892191,1.48741,2.31248,2.22402
30.357000000,1.30605,2.35052,0.893256,1.48938,2.31397,2.22458
30.417000000,1.30794,2.35307,0.895388,1.49145,2.31553,2.22517
30.477000000,1.30933,2.35488,0.895501,1.49346,2.31705,2.22575
30.557000000,1.31068,2.35665,0.895706,1.49534,2.31847,2.22631
30.617000000,1.31253,2.35907,0.897225,1.49726,2.31993,2.2269
30.677000000,1.31384,2.36083,0.897722,1.50118,2.3229,2.22809
30.757000000,1.31516,2.36263,0.8984,1.50118,2.3229,2.22809
30.817000000,1.31705,2.36517,0.90034,1.50313,2.32438,2.22866
30.877000000,1.3184,2.36705,0.901066,1.50514,2.32591,2.22924
30.957000000,1.31973,2.36892,0.901831,1.50704,2.32736,2.22979
31.017000000,1.32157,2.37145,0.903731,1.50908,2.32892,2.23038
31.077000000,1.32282,2.37324,0.904452,1.51114,2.33049,2.231
31.157000000,1.32403,2.37501,0.905271,1.51304,2.33194,2.23157
31.217000000,1.32576,2.37744,0.90733,1.51487,2.33335,2.23213
31.277000000,1.32698,2.37922,0.907992,1.51683,2.33485,2.23273
31.357000000,1.32823,2.38107,0.908991,1.51867,2.33626,2.23327
31.417000000,1.33004,2.38365,0.911148,1.52076,2.33786,2.23388
31.477000000,1.33129,2.38553,0.912022,1.52277,2.33941,2.23446
31.557000000,1.33251,2.38737,0.912741,1.52468,2.34088,2.23502
31.617000000,1.33423,2.38987,0.914751,1.52662,2.34238,2.2356
31.677000000,1.33539,2.39165,0.915505,1.52861,2.34392,2.2362
31.757000000,1.33653,2.3934,0.916199,1.53059,2.34545,2.2368
31.817000000,1.33822,2.3959,0.918357,1.53239,2.34685,2.23736
31.877000000,1.3394,2.39774,0.919224,1.53446,2.34844,2.23797
31.957000000,1.34061,2.39963,0.920197,1.53653,2.35005,2.23858
32.017000000,1.34235,2.40223,0.922356,1.53829,2.35142,2.23909
32.097000000,1.34353,2.4041,0.923148,1.54031,2.35299,2.23968
32.157000000,1.34521,2.40663,0.925061,1.54225,2.3545,2.24026
32.217000000,1.34633,2.40842,0.925714,1.54616,2.35755,2.24145
32.297000000,1.34744,2.41023,0.926534,1.54616,2.35755,2.24145
32.357000000,1.34908,2.41274,0.928566,1.54825,2.35918,2.24209
32.417000000,1.35023,2.41461,0.929384,1.55004,2.36059,2.24262
32.497000000,1.35139,2.4165,0.930241,1.55382,2.36355,2.24374
32.557000000,1.35309,2.41911,0.932218,1.55382,2.36355,2.24374
32.617000000,1.35423,2.42098,0.932854,1.55594,2.36522,2.24436
32.677000000,1.35534,2.42283,0.9336,1.55795,2.3668,2.24496
32.757000000,1.35644,2.42466,0.934391,1.55977,2.36823,2.24552
32.817000000,1.35817,2.42719,0.936879,1.56168,2.36974,2.2461
32.877000000,1.3594,2.42904,0.938119,1.56354,2.37121,2.24667
32.957000000,1.36065,2.43093,0.939369,1.56557,2.3728,2.24728
33.017000000,1.36242,2.43355,0.94175,1.56735,2.37421,2.24781
33.077000000,1.36367,2.43546,0.942826,1.56938,2.37582,2.24841
33.157000000,1.36491,2.43736,0.943881,1.57132,2.37736,2.24898
33.217000000,1.36664,2.43993,0.945901,1.57324,2.37888,2.24956
33.277000000,1.36783,2.44178,0.94685,1.57514,2.38039,2.25014
33.357000000,1.36901,2.44363,0.947842,1.57708,2.38194,2.25073
33.417000000,1.3707,2.4462,0.950018,1.57905,2.38351,2.25133
33.477000000,1.3719,2.44807,0.95075,1.58095,2.38502,2.25191
33.557000000,1.37311,2.44999,0.951738,1.58275,2.38646,2.25245
33.617000000,1.37484,2.45263,0.953851,1.58483,2.38812,2.25306
33.677000000,1.37604,2.45454,0.954693,1.5887,2.39123,2.25422
33.757000000,1.37722,2.45644,0.955545,1.5887,2.39123,2.25422
33.817000000,1.37888,2.45901,0.957542,1.59065,2.39279,2.25482
33.877000000,1.38002,2.46088,0.958346,1.59253,2.3943,2.25539
33.957000000,1.38118,2.46276,0.959207,1.59438,2.39579,2.25596
34.017000000,1.38285,2.46538,0.961251,1.59627,2.39731,2.25653
34.077000000,1.38402,2.46731,0.962054,1.59833,2.39897,2.25715
34.157000000,1.38518,2.46926,0.964418,1.60022,2.40049,2.25771
34.217000000,1.38682,2.47193,0.967793,1.60208,2.402,2.25827
34.277000000,1.38794,2.47382,0.969579,1.60402,2.40357,2.25886
34.357000000,1.38905,2.47572,0.971422,1.60585,2.40505,2.25942
34.417000000,1.39065,2.47833,0.974322,1.60787,2.40669,2.26004
34.477000000,1.39176,2.48024,0.975907,1.60977,2.40823,2.26062
34.557000000,1.3929,2.48217,0.97744,1.61159,2.40971,2.26118
34.617000000,1.39453,2.48485,0.980063,1.61353,2.41129,2.26176
34.697000000,1.39568,2.4868,0.981277,1.6175,2.41452,2.26295
34.757000000,1.39741,2.4895,0.982901,1.6175,2.41452,2.26295
34.817000000,1.39862,2.49144,0.983233,1.61942,2.4161,2.26353
34.877000000,1.39981,2.49336,0.983791,1.62125,2.41759,2.26409
34.957000000,1.40098,2.49529,0.984489,1.62309,2.4191,2.26466
35.017000000,1.40263,2.49795,0.986444,1.62502,2.42068,2.26525
35.077000000,1.40379,2.4999,0.987233,1.62687,2.4222,2.26582
35.157000000,1.40496,2.50187,0.988097,1.62877,2.42376,2.26639
35.217000000,1.4066,2.50456,0.989959,1.63073,2.42537,2.26699
35.277000000,1.40773,2.50649,0.990547,1.6326,2.42691,2.26755
35.357000000,1.40885,2.50843,0.991458,1.63449,2.42847,2.26813
35.417000000,1.41042,2.51108,0.993546,1.6365,2.43013,2.26875
35.477000000,1.4115,2.51301,0.994447,1.63842,2.43172,2.26934
35.557000000,1.41258,2.51495,0.99541,1.64026,2.43324,2.26991
35.617000000,1.41415,2.51763,0.997558,1.64216,2.43482,2.27049
35.677000000,1.41523,2.5196,0.998469,1.64405,2.43638,2.27106
35.757000000,1.41631,2.52157,0.999402,1.64592,2.43794,2.27163
35.817000000,1.41786,2.52427,1.00147,1.64787,2.43956,2.27222
35.877000000,1.4189,2.52621,1.00232,1.64983,2.44119,2.27283
35.957000000,1.41994,2.52814,1.0032,1.65167,2.44272,2.27339
36.017000000,1.42143,2.5308,1.00527,1.65358,2.44432,2.27398
36.077000000,1.42246,2.53272,1.00591,1.65547,2.44589,2.27457
36.157000000,1.42349,2.53468,1.00683,1.6572,2.44734,2.2751
36.217000000,1.425,2.5374,1.00891,1.65919,2.44901,2.27571
36.277000000,1.42603,2.53938,1.00973,1.66111,2.45062,2.27629
36.357000000,1.42707,2.54124,1.01066,1.66293,2.45215,2.27685
36.417000000,1.42855,2.54382,1.01272,1.66489,2.45379,2.27745
36.477000000,1.42955,2.54563,1.01336,1.66683,2.45542,2.27805
36.557000000,1.43055,2.54748,1.01427,1.66854,2.45686,2.27858
36.617000000,1.43202,2.55007,1.01635,1.67045,2.45848,2.27918
36.677000000,1.43303,2.55194,1.0172,1.67243,2.46015,2.27979
36.757000000,1.43405,2.55383,1.01808,1.67439,2.46181,2.28039
36.817000000,1.43551,2.55645,1.01995,1.67624,2.46337,2.28095
36.877000000,1.43651,2.55832,1.02072,1.678,2.46486,2.28149
36.957000000,1.43749,2.56018,1.02153,1.67995,2.46651,2.28209
37.017000000,1.43891,2.56277,1.02349,1.68185,2.46813,2.28269
37.077000000,1.43988,2.56463,1.02425,1.68375,2.46974,2.28328
37.157000000,1.44086,2.56651,1.02507,1.68557,2.4713,2.28385
37.217000000,1.4423,2.56915,1.02704,1.68933,2.4745,2.285
37.277000000,1.44328,2.57105,1.02778,1.68933,2.4745,2.285
37.357000000,1.44425,2.57295,1.02853,1.69137,2.47624,2.28563
37.417000000,1.44567,2.57559,1.0305,1.69304,2.47767,2.28614
37.477000000,1.44662,2.57747,1.03116,1.69497,2.47933,2.28674
37.557000000,1.44757,2.57934,1.03188,1.69684,2.48093,2.28733
37.617000000,1.44896,2.58196,1.03377,1.6987,2.48253,2.28791
37.677000000,1.44991,2.58385,1.03446,1.70249,2.48578,2.28909
37.757000000,1.45086,2.58577,1.03519,1.70249,2.48578,2.28909
37.837000000,1.45227,2.58844,1.03708,1.70432,2.48736,2.28966
37.877000000,1.45366,2.5911,1.03884,1.70621,2.48899,2.29024
37.957000000,1.45415,2.59224,1.0382,1.70846,2.49093,2.29093
38.017000000,1.45552,2.59489,1.04014,1.70988,2.49216,2.29138
38.077000000,1.45621,2.59672,1.04262,1.71174,2.49377,2.29196
38.157000000,1.4569,2.59857,1.045,1.71369,2.49546,2.29257
38.217000000,1.45816,2.60121,1.04746,1.71547,2.49701,2.29313
38.277000000,1.45898,2.60311,1.0486,1.71741,2.49869,2.29373
38.357000000,1.4598,2.60501,1.04972,1.71915,2.5002,2.29427
38.417000000,1.46105,2.60766,1.05193,1.72109,2.50189,2.29487
38.477000000,1.46185,2.60951,1.0527,1.72287,2.50344,2.29543
38.557000000,1.46265,2.61138,1.05369,1.7247,2.50504,2.296
38.617000000,1.46387,2.61401,1.05583,1.72661,2.50671,2.2966
38.677000000,1.46467,2.6159,1.05674,1.72849,2.50836,2.2972
38.757000000,1.46547,2.6178,1.05766,1.73033,2.50997,2.29777
38.817000000,1.4667,2.62045,1.05961,1.73224,2.51163,2.29837
38.877000000,1.4675,2.62236,1.06044,1.734,2.51318,2.29891
38.957000000,1.46828,2.62426,1.06127,1.73587,2.51482,2.29949
39.017000000,1.46949,2.6269,1.06326,1.73781,2.51653,2.30011
39.077000000,1.47014,2.62875,1.06495,1.73965,2.51816,2.30069
39.157000000,1.4708,2.63061,1.0666,1.74147,2.51976,2.30126
39.217000000,1.47189,2.63325,1.06934,1.7433,2.52137,2.30184
39.277000000,1.47275,2.63521,1.07046,1.74522,2.52307,2.30244
39.357000000,1.47373,2.6372,1.07063,1.74708,2.52472,2.30302
39.417000000,1.47501,2.63991,1.07279,1.74884,2.52627,2.30357
39.477000000,1.47585,2.64183,1.07365,1.75064,2.52787,2.30414
39.557000000,1.47679,2.64379,1.07389,1.75246,2.52949,2.30471
39.617000000,1.47814,2.64652,1.07536,1.75435,2.53117,2.30531
39.697000000,1.47906,2.64849,1.0757,1.75625,2.53286,2.30591
39.757000000,1.4804,2.65124,1.07728,1.75805,2.53446,2.30648
39.817000000,1.48133,2.65321,1.07745,1.76168,2.5377,2.30762
39.877000000,1.48224,2.6552,1.07798,1.76168,2.5377,2.30762
39.957000000,1.48314,2.65719,1.07857,1.76353,2.53936,2.3082
40.017000000,1.48444,2.65993,1.08034,1.76549,2.54111,2.30882
40.077000000,1.48532,2.66187,1.08071,1.76727,2.54271,2.30938
40.157000000,1.4862,2.66385,1.08139,1.769,2.54426,2.30994
40.217000000,1.48749,2.6666,1.08327,1.77279,2.54766,2.31114
40.277000000,1.48837,2.66859,1.08386,1.77279,2.54766,2.31114
40.357000000,1.48924,2.6706,1.08458,1.77643,2.55095,2.31228
40.417000000,1.49052,2.67338,1.08645,1.77643,2.55095,2.31228
40.477000000,1.49138,2.67537,1.08711,1.77833,2.55267,2.31289
40.557000000,1.49223,2.67736,1.0878,1.78014,2.5543,2.31346
40.617000000,1.49358,2.68015,1.08998,1.78186,2.55585,2.31401
40.677000000,1.4945,2.68219,1.09116,1.78368,2.55751,2.31459
40.757000000,1.49542,2.68426,1.09241,1.78554,2.55919,2.31518
40.817000000,1.49675,2.68708,1.09468,1.78744,2.56091,2.31578
40.877000000,1.49766,2.68916,1.09583,1.78917,2.56249,2.31633
40.957000000,1.49856,2.69122,1.09699,1.79104,2.56419,2.31692
41.017000000,1.49985,2.69403,1.09914,1.79285,2.56584,2.31749
41.077000000,1.50072,2.69607,1.10021,1.79462,2.56745,2.31806
41.157000000,1.50159,2.69812,1.10131,1.79649,2.56916,2.31866
41.217000000,1.50286,2.70089,1.10362,1.79831,2.57083,2.31924
41.277000000,1.50374,2.7029,1.10469,1.8002,2.57255,2.31985
41.357000000,1.50461,2.70493,1.10576,1.80192,2.57413,2.32039
41.417000000,1.50587,2.70771,1.10784,1.80378,2.57584,2.32098
41.477000000,1.50673,2.70973,1.10882,1.80553,2.57745,2.32154
41.557000000,1.50757,2.71171,1.10968,1.80736,2.57913,2.32212
41.617000000,1.50879,2.71449,1.11184,1.80915,2.58077,2.3227
41.697000000,1.50962,2.71648,1.11271,1.81104,2.58252,2.3233
41.757000000,1.51084,2.71928,1.11483,1.81285,2.58419,2.32389
41.817000000,1.51167,2.7213,1.11564,1.81476,2.58595,2.3245
41.877000000,1.5125,2.72332,1.11649,1.81648,2.58754,2.32504
41.957000000,1.51332,2.72536,1.11744,1.81841,2.58934,2.32566
42.017000000,1.51452,2.72816,1.11952,1.82007,2.59087,2.32619
42.077000000,1.51532,2.73015,1.12039,1.82188,2.59256,2.32677
42.157000000,1.51612,2.73215,1.12129,1.82374,2.59428,2.32737
42.217000000,1.51729,2.73491,1.12324,1.82552,2.59594,2.32795
42.277000000,1.51809,2.73693,1.12409,1.82722,2.59752,2.3285
42.357000000,1.51888,2.73893,1.12485,1.82915,2.59932,2.32911
42.417000000,1.52006,2.74175,1.12689,1.83086,2.60092,2.32966
42.477000000,1.52084,2.74375,1.12748,1.83276,2.6027,2.33027
42.557000000,1.52162,2.74576,1.12831,1.83444,2.60426,2.33081
42.617000000,1.52276,2.74855,1.13031,1.83638,2.60608,2.33143
42.677000000,1.52352,2.75053,1.13088,1.83809,2.60769,2.33199
42.757000000,1.52429,2.75255,1.13172,1.83981,2.6093,2.33255
42.817000000,1.52543,2.75535,1.1336,1.84173,2.6111,2.33316
42.877000000,1.52619,2.75739,1.13431,1.84343,2.6127,2.33371
42.957000000,1.52695,2.7594,1.13492,1.84527,2.61444,2.3343
43.017000000,1.52808,2.76223,1.1369,1.84702,2.61609,2.33487
43.077000000,1.52882,2.76424,1.13756,1.84896,2.61792,2.33549
43.157000000,1.52956,2.76627,1.13836,1.85246,2.62124,2.33663
43.217000000,1.53066,2.76908,1.14032,1.85246,2.62124,2.33663
43.277000000,1.5314,2.77112,1.14106,1.85431,2.62299,2.33723
43.357000000,1.53214,2.77313,1.14173,1.85603,2.62462,2.33779
43.417000000,1.53325,2.77596,1.14369,1.85775,2.62626,2.33834
43.477000000,1.53398,2.77799,1.14433,1.85977,2.62818,2.33899
43.557000000,1.53471,2.78002,1.14508,1.86162,2.62994,2.33959
43.617000000,1.53568,2.7828,1.14799,1.86325,2.63149,2.34012
43.677000000,1.53629,2.78479,1.14953,1.86498,2.63315,2.34068
43.757000000,1.53689,2.78678,1.151,1.86677,2.63485,2.34127
43.817000000,1.53786,2.78955,1.15349,1.8685,2.63651,2.34183
43.877000000,1.53847,2.79157,1.15477,1.87024,2.63818,2.34239
43.957000000,1.53908,2.79358,1.15601,1.87215,2.64,2.34301
44.017000000,1.54004,2.79637,1.15825,1.87384,2.64163,2.34356
44.077000000,1.54064,2.79837,1.15932,1.8756,2.64332,2.34413
44.157000000,1.54124,2.80037,1.16039,1.87754,2.64518,2.34477
44.217000000,1.54218,2.80316,1.16261,1.87918,2.64677,2.3453
44.277000000,1.54277,2.80517,1.16358,1.88093,2.64846,2.34588
44.357000000,1.54337,2.80719,1.16456,1.88269,2.65015,2.34645
44.417000000,1.54431,2.81001,1.16669,1.8845,2.65191,2.34704
44.497000000,1.54489,2.81204,1.16756,1.88624,2.65359,2.3476
44.557000000,1.54582,2.81485,1.16958,1.88813,2.65542,2.34822
44.617000000,1.5464,2.81685,1.17029,1.8916,2.65879,2.34936
44.677000000,1.54697,2.81886,1.17112,1.8916,2.65879,2.34936
44.757000000,1.54753,2.82087,1.17199,1.89347,2.66061,2.34997
44.817000000,1.54844,2.82369,1.17402,1.89517,2.66226,2.35053
44.877000000,1.5492,2.82579,1.1745,1.89697,2.66402,2.35112
44.957000000,1.54995,2.82789,1.17503,1.90043,2.66739,2.35224
45.017000000,1.55103,2.8308,1.17676,1.90043,2.66739,2.35224
45.077000000,1.55176,2.83288,1.17732,1.90231,2.66923,2.35286
45.157000000,1.55248,2.83494,1.17781,1.90402,2.6709,2.35342
45.217000000,1.55353,2.83782,1.17968,1.90565,2.6725,2.35396
45.277000000,1.55423,2.83989,1.18028,1.90749,2.67431,2.35457
